0.531899499914515 0.577128261442167 -0.560176591668611
0.844214419045247 0.412980668140359 -0.371560700869525
0.924304610539431 0.395840649175556 -0.0218883139923335
0.872701790056871 0.412183688425695 0.194429591678912
0.780670027856853 0.368986435113692 0.473497138180181
0.490802684984657 0.563657914610723 0.685816670440003
0.319272895010199 0.53859669338792 0.738102544507799
-0.826881966521247 3.86283987839381 -0.212646085052388
-0.205925529690795 0.642659449319289 0.751146692878816
-0.443383185895686 0.697885720993041 0.528356236912558
-0.556918749898467 0.752340956963046 0.345331310304109
