0	0	0	0	0	0	0	0	0	1	0	0	0
1.59580793493538e-20	0.189986815207098	1.29635464197773	-4.93614276692520e-22	-0.000466922193121800	-0.00724193270352635	-2.47785006475552e-22	-0.000116730484244507	-0.00181048218268829	0.999998354262776	-0.0141258416795577	-0.00308873997849842	0.0125864686102873
0.284748132505019	0.561422218563298	2.83337593157158	-0.000468292984054464	-0.00114546826342551	-0.0152991156054935	-0.000117053885673969	-0.000519613741967491	-0.00744568402253711	0.999972138656565	-0.0353837187984195	-0.00347679774554297	0.0192268283659541
0.841805555237515	1.09806670391208	4.54388899266138	-0.00139042978770639	-0.00199998580657424	-0.0238197408319476	-0.000582121525171293	-0.00130367538331949	-0.0172247637507274	0.999850623382692	-0.0338284057332884	-0.00521620889634011	0.0354400503935058
1.64683773077240	1.77645574206249	6.35313582063274	-0.00273765361413808	-0.00298253823022445	-0.0324310402815694	-0.00161620969125646	-0.00253951941134726	-0.0312838625852846	0.999506007310181	-0.0567252098653492	-0.0136157619531895	0.0424880084318118
2.66467766606014	2.56692688144220	8.18204136847929	-0.00446786031174931	-0.00403658794528981	-0.0407543799522890	-0.00342335271814082	-0.00426629097933119	-0.0495668113544649	0.998755831336968	-0.0695981120961655	-0.0213174036994150	0.0385541978744413
3.85086182083461	3.43491856988014	9.95066822549808	-0.00652638058924386	-0.00510189764249892	-0.0484205277611346	-0.00618344702980056	-0.00648685825485501	-0.0718227993420403	0.997377145891906	-0.0652761330944937	-0.0100236607773181	0.0237847370407848
5.15357156521639	4.34248344674513	11.5817091602674	-0.00884655685993190	-0.00611994941595969	-0.0550846853058835	-0.0100449302450407	-0.00916585514001565	-0.0976121386765279	0.995131627906037	-0.0590186554399371	-0.00183812149914150	0.0268221633590925
6.51589545831547	5.24994934740635	13.0038652433084	-0.0113502123217121	-0.00703902498564467	-0.0604409828969054	-0.0151175659930151	-0.0122309594973494	-0.126321410390195	0.991798751816745	-0.0531728294738348	0.0163017688206250	0.0278254236249464
7.87831377780541	6.11765481073027	14.1549622497431	-0.0139482941743538	-0.00781810956883241	-0.0642361448401155	-0.0214658717179501	-0.0155774192211545	-0.157188946786945	0.987212335503264	-0.0661457341674570	0.0224909953833565	0.0207056121806443
9.18129720741541	6.90768278990840	14.9846693149623	-0.0165421556732575	-0.00842899908231079	-0.0662819024956426	-0.0291039226578362	-0.0190754215898079	-0.189340671728115	0.981294655038253	-0.0820074259286982	0.0135057787904626	0.00919808494762126
10.3679067124023	7.58551665256921	15.4567009095606	-0.0190260261631953	-0.00885637601636618	-0.0664654971581953	-0.0379923098461381	-0.0225795014518496	-0.221834883740965	0.974082149955728	-0.0800810482241589	0.0172532232023044	0.00805337722110158
11.3862815291534	8.12154632875411	15.5504054564226	-0.0212911143241636	-0.00909608439563873	-0.0647573734875001	-0.0480378913541047	-0.0259388902987148	-0.253712949385740	0.965737683989970	-0.0858020125674775	0.00906490335741610	-0.00240646740390746
12.1919068337585	8.49235934719152	15.2616704863975	-0.0232314672207764	-0.00915224554714972	-0.0612150538757951	-0.0590966754187556	-0.0290076015828248	-0.284051545031334	0.956546319720156	-0.0839758345777273	0.00690588373758894	-0.00804596857420280
12.7495618820961	8.68176107563183	14.6031040672988	-0.0247512296295820	-0.00903408097348215	-0.0559823188073260	-0.0709797839955442	-0.0316531687514593	-0.312011502732438	0.946894275690050	-0.0983351430347278	0.00242634304510571	-0.00702103579903236
13.0348629533101	8.68148026583125	13.6034840773278	-0.0257724613225468	-0.00875327117290471	-0.0492832294484570	-0.0834620677727269	-0.0337632824350771	-0.336878746994851	0.937233606858765	-0.0844019221429745	0.000956311368805575	-0.00144912874144368
13.0353328398426	8.49152950325863	12.3064992773975	-0.0262423478550576	-0.00832240161425310	-0.0414111387924109	-0.0962926761515276	-0.0352500334025307	-0.358094201043738	0.928037552496419	-0.0857418096225837	-0.0124117894558651	0.000144920169859921
12.7509492584478	8.12020488721776	10.7688375171993	-0.0261386059812096	-0.00775464285928104	-0.0327134852860698	-0.109206785886367	-0.0360519425708846	-0.375271516148637	0.919752914929188	-0.0918443489307250	0.00618368198030476	0.0170834723955786
12.1941475230990	7.58372471098949	9.05770526524743	-0.0254721565612870	-0.00706443443664629	-0.0235736691975674	-0.121937757626819	-0.0361343319127720	-0.388203464474597	0.912756026269935	-0.0947946702146977	0.00112149454524199	0.0312464738788685
11.3892770422041	6.90552250520378	7.24788762045079	-0.0242866273748762	-0.00626871437768735	-0.0143915529226602	-0.134229161101630	-0.0354887778504602	-0.396859282520506	0.907317909463901	-0.103288914009655	-0.0191444160696451	0.0413088083339235
10.3715354930005	6.11522490227728	5.41847793315897	-0.0226548067613898	-0.00538820111583691	-0.00556407380667010	-0.145846296268911	-0.0341323635808892	-0.401375821695967	0.903582475139326	-0.0997600249946878	-0.0243971081166305	0.0410781537713239
9.18542770262252	5.24735867210695	3.64942032529969	-0.0206726508803698	-0.00444834968624007	0.00253282484265837	-0.156586954193491	-0.0321072366206454	-0.402045031545389	0.901559451030634	-0.0783547269695520	-0.0394665585528296	0.0271248418380184
7.88281724037098	4.33984327591840	2.01801623699689	-0.0184517567399163	-0.00347977858922377	0.00956013592085840	-0.166291161319379	-0.0294806519569045	-0.399299330792284	0.901131613725810	-0.0727784884916481	-0.0377859109360241	0.0374175248157315
6.52065656315810	3.43233478018458	0.595547402468853	-0.0161113171643399	-0.00251810794692992	0.0152291849989478	-0.174849543269120	-0.0263453278211404	-0.393695234154459	0.902074067648906	-0.0765758763108449	-0.0121371685076450	0.0382595347721716
5.15849549848296	2.56449350938529	-0.555837610970089	-0.0137704901264928	-0.00160321588836664	0.0193123539464089	-0.182209788745350	-0.0228196453607186	-0.385894626268792	0.904081962040973	-0.0695304021268360	-0.0231554438721397	0.0408981279254842
3.85587733074759	1.77425111921153	-1.38583771990740	-0.0115418905022199	-0.000777915379260494	0.0216511553200485	-0.188380576728055	-0.0190470499503136	-0.376642609955905	0.906802245567026	-0.0814498500637870	-0.0168038383271947	0.0316345428352397
2.66973641418151	1.09615274420233	-1.85819626186356	-0.00952660843311352	-8.60260968118313e-05	0.0221616973404614	-0.193432331377915	-0.0151939937330078	-0.366741009262718	0.909864884396089	-0.0691637507635938	-0.0196546505222146	0.0366641342549361
1.65191091877134	0.559846574865899	-1.95228474255367	-0.00781084161307768	0.000430175433979942	0.0208375074978632	-0.197494333735348	-0.0114458937549491	-0.357017282031383	0.912909436904617	-0.0746950674297990	-0.0262746329375254	0.0268321252717275
0.846879088652422	0.188786831396225	-1.66400417763435	-0.00646396320261308	0.000733061617757392	0.0177495929919337	-0.200748039866966	-0.00800083260735433	-0.348289548845024	0.915603954410688	-0.0659600973525064	-0.0283139560327289	0.0200395967667652
0.289817522299288	-0.000793097335690440	-1.00596447930017	-0.00553768277832489	0.000793097335696417	0.0130435786880102	-0.203416873085408	-0.00506104150355526	-0.341329375712599	0.917654738384052	-0.0689886767642717	-0.0304283651060840	0.0124078627159037
0.00506591610015089	-0.000592227631282277	-0.00693382442177970	-0.00506591610015229	0.000592227631288031	0.00693382442177397	-0.205753183032653	-0.00282251650361987	-0.336824601274215	0.918807297015530	-0.0637598292469194	-0.0219658575868650	0.0173583926770268
0.00506504447439553	0.189393206847990	1.28941812120789	-0.00506504447439726	0.000126686165992071	-0.000305411933693857	-0.208023404354902	-0.00146337745482490	-0.335344741461670	0.918840587991751	-0.0732239580548543	-0.0256273987536779	0.00803939365606799
0.289814207557286	0.560868072000074	2.82642828623775	-0.00553436803632426	-0.000591321700195781	-0.00835147027167057	-0.210492636599137	-0.00113176222264204	-0.337311351193560	0.917557966238532	-0.0759967267136365	-0.0248872601317061	-0.00825753806900867
0.846871805129151	1.09760021323608	4.53691617317080	-0.00645667967934529	-0.00153349513057121	-0.0168469213413766	-0.213409882741173	-0.00193415872196316	-0.342975309098417	0.914778890403185	-0.0697324466444091	-0.0211571492164636	-0.0198856370782995
1.65189904012467	1.77613027869088	6.34611943984885	-0.00779896296641086	-0.00265707485861453	-0.0254146594976898	-0.216995047552291	-0.00392513143738768	-0.352402496167937	0.910335225823754	-0.0519488432840021	-0.0134013214767726	-0.0188490146419409
2.66972304357748	2.56679843341596	8.17496072023953	-0.00951323782909242	-0.00390813991904361	-0.0336737317125432	-0.221428556969955	-0.00709940990506516	-0.365468896665252	0.904074929476250	-0.0512887395784169	-0.0137555433767150	-0.0229454029249483
3.85587300791789	3.43504282974227	9.94350293827738	-0.0115375676725259	-0.00522615750461929	-0.0412552405404421	-0.226844167819073	-0.0113872651471491	-0.381865788173463	0.895874195153316	-0.0417414160722990	-0.0321639497681919	-0.0162438985164807
5.15852225292669	4.34291263615445	11.5744422561185	-0.0137972445702327	-0.00654913882526821	-0.0478177811569191	-0.233325231088486	-0.0166539732090305	-0.401115324733554	0.885657088255807	-0.0342131580088420	-0.0598279410117217	-0.0369686788513223
6.52075146591637	5.25072895594784	12.9964862471906	-0.0162062199226160	-0.00781863352713109	-0.0530619867790770	-0.240904368722827	-0.0227039098344316	-0.422596310772526	0.873419701935981	-0.0414004583312898	-0.0517719441085245	-0.0477562886247278
7.88303442983168	6.11882053074277	14.1474699028414	-0.0186689462006246	-0.00898382958133073	-0.0567437979384167	-0.249566229032968	-0.0292894114324938	-0.445579201075404	0.859254329796020	-0.0392917671007952	-0.0412205115331403	-0.0502187374657234
9.18583794975986	6.90925800978321	14.9770734218330	-0.0210828980177155	-0.0100042189571221	-0.0586860093663282	-0.259252709475102	-0.0361239948984718	-0.469268345817297	0.843368430305695	-0.0261326980773045	-0.0574022071597394	-0.0413554899248168
10.3722227623835	7.58751088373232	15.4490229210929	-0.0233420761443870	-0.0108506071794708	-0.0587875086904784	-0.269869806009594	-0.0428989325077895	-0.492848392120823	0.826093476416535	-0.0408815879087694	-0.0575396880576644	-0.0508936791121845
11.3903321157609	8.12395485593713	15.5426775650329	-0.0253417009316716	-0.0115046115786478	-0.0570294820977953	-0.281295113187001	-0.0493016575975647	-0.515530853035427	0.807880155359575	-0.0324788739680498	-0.0460881182270963	-0.0425686447459185
12.1956594195144	8.49516420890541	15.2539332600414	-0.0269840529767331	-0.0119571072610279	-0.0534778275196996	-0.293385010922450	-0.0550341750702675	-0.536596499784788	0.789278576523576	-0.0333837275305706	-0.0596391122926115	-0.0529573619127333
12.7529957218053	8.68493324213062	14.5954029173206	-0.0281850693387801	-0.0122062474722604	-0.0482811688291430	-0.305980764844743	-0.0598296731102204	-0.555429665297274	0.770904707903843	-0.0204299550222307	-0.0589878312281085	-0.0209198186033722
13.0379714549339	8.68498265363248	13.5958650709849	-0.0288809629463763	-0.0122556589741198	-0.0416642231055873	-0.318913126191816	-0.0634659006382845	-0.571541789100433	0.753396629080998	-0.0162807236324837	-0.0501838029581521	-0.0285297429598997
13.0381244184123	8.49532031909588	12.2990049112918	-0.0290339264248004	-0.0121132174514990	-0.0339167726866867	-0.332005481749520	-0.0657745085154402	-0.584583342418864	0.737365845346943	-0.0195444269560375	-0.0570935822403747	-0.0247120067249881
12.7534466475798	8.12424077411260	10.7615030404205	-0.0286359951132067	-0.0117905297541084	-0.0253790085073001	-0.345076071360339	-0.0666462885162511	-0.594345199244138	0.723349542985249	-0.0262460178928971	-0.0605868261686951	-0.0132168862970427
12.1963857530013	7.58796327534490	9.05055600032357	-0.0277103864635747	-0.0113029987920493	-0.0164244042737062	-0.357940144271384	-0.0660328898530116	-0.600752059597784	0.711769255774413	-0.0208086806773377	-0.0724565946926701	-0.0191620792640811
11.3913004516146	6.90992399640321	7.24093752578825	-0.0263100367853324	-0.0106702055771061	-0.00744145826011914	-0.370413069303542	-0.0639459896082555	-0.603851298453972	0.702900190537463	-0.000482134965826338	-0.0697671949453770	-0.0124599952434049
10.3733941971807	6.11975303417887	5.41172943962063	-0.0245135109415924	-0.00991633301741723	0.00118441973166725	-0.382315294970190	-0.0604549647739983	-0.603800463333061	0.696853795960682	-0.00395831804843344	-0.0644839726092030	-0.0254466246172130
9.18717390873867	5.25198076084137	3.64286530568891	-0.0224188569965121	-0.00907043842065359	0.00908784445344100	-0.393479678457103	-0.0556838831455585	-0.600855702141010	0.693574417783529	-0.000203042408142265	-0.0651382039902873	-0.0353195780094260
7.88450172358196	4.34452998197843	2.01163785113855	-0.0201362399508933	-0.00816648464923614	0.0159385217792032	-0.403761127728592	-0.0498082033546767	-0.595362004163495	0.692849318836601	0.00406121508474676	-0.0803255316356731	-0.0272932026715821
6.52232552927809	3.43705977129586	0.589322502372513	-0.0177802832843270	-0.00724309905820203	0.0214540850952899	-0.413047836811129	-0.0430510977914622	-0.587744703655546	0.694330073386895	-0.00634081454560307	-0.0833290338510081	-0.0249793612085193
5.16018798527483	2.56923331157610	-0.561935842372628	-0.0154629769183568	-0.00634301807917557	0.0254105853489498	-0.421272777790564	-0.0356789289540078	-0.578500614419710	0.697562398525992	-0.00482455893949794	-0.0811979903205897	-0.0277267866327194
3.85762324438130	1.77898531822559	-1.39183719819265	-0.0132878041359246	-0.00551211439331237	0.0276506336052986	-0.428423686465551	-0.0279952214546209	-0.568186693407263	0.702020864281037	0.00932860552242355	-0.0969307434614207	-0.0393633880985596
2.67155525176463	1.10086456642632	-1.86412374723481	-0.0113454460162306	-0.00479784832080080	0.0280891827117082	-0.434549659358552	-0.0203325173661020	-0.557404353069611	0.707144659506081	0.00135605325893503	-0.0820295832333990	-0.0433159696868652
1.65381118063906	0.564523746662753	-1.95816407366620	-0.00971110348079721	-0.00424699636286779	0.0267168386103948	-0.439762730303170	-0.0130417544811183	-0.546778359137738	0.712370745928690	-0.0148343490332658	-0.0732026038188047	-0.0204393201922571
0.848858329985683	0.193422515671987	-1.66985506797540	-0.00844320453586999	-0.00390262265799969	0.0236004833329810	-0.444233400189451	-0.00647918533645177	-0.536930427064401	0.717161364551895	-0.0220129378923942	-0.0657781332824948	-0.0230495787241892
0.291862938096699	0.00380046133863016	-1.01180184730314	-0.00758309857573197	-0.00380046133862038	0.0188809466909712	-0.448179956482315	-0.000991254048724461	-0.528448861654005	0.721023955662715	-0.0147167541731505	-0.0610899952869840	-0.00888676048505585
0.00715531108204909	0.00396511075516710	-0.0127675346783884	-0.00715531108204848	-0.00396511075515939	0.0127675346783814	-0.451852378506023	0.00310182818306209	-0.521856580488514	0.723522989338423	-0.0170739382259750	-0.0668970071048189	-0.0100798989900597
0.00716802677579826	0.193926514847563	1.28358329234673	-0.00716802677579832	-0.00440662183357999	0.00552941692746782	-0.455512493410675	0.00552287549182135	-0.517580423796283	0.724284730679829	-0.00579056796184210	-0.0712305068277858	-0.00278999604483955
0.291893472104241	0.565394870910364	2.82059266540085	-0.00761363258327803	-0.00511812061048602	-0.00251584943477001	-0.459412661375703	0.00605389275917468	-0.515924717374123	0.722997263447508	-0.00649232169741007	-0.0905827592921364	0.0113713814719937
0.848884436459686	1.10214172515088	4.53108535464076	-0.00846931100988065	-0.00607500704537308	-0.0110161028113377	-0.463775523281352	0.00455064070755017	-0.517051687205774	0.719408860406877	0.00159021087548703	-0.0938821464520240	0.0258501549846597
1.65379784800821	1.78070923995883	6.34030468642308	-0.00969777084994966	-0.00723603612656260	-0.0195999060719219	-0.468777214109350	0.000954666555781921	-0.520970670923189	0.713327815370665	0.00370935751297362	-0.0985239843915952	0.00919592581978945
2.67145802112698	2.57143656311599	8.16917957145041	-0.0112482153785971	-0.00854626961908091	-0.0278925829234209	-0.474535974058076	-0.00469812059218912	-0.527537287324996	0.704626104731750	0.00942864833711202	-0.107443660513902	0.00440382899732265
3.85739304214940	3.43975823287412	9.93777987545165	-0.0130576019040405	-0.00994156063647452	-0.0355321777147081	-0.481107363353470	-0.0122732551988141	-0.536462915216388	0.693247872504079	0.00400500568917258	-0.113640786610454	0.00770236694862662
5.15977720040524	4.34771746441405	11.5688091750860	-0.0150521920487900	-0.0113539670848710	-0.0421847001244902	-0.488486409102294	-0.0215387862759363	-0.547334030272748	0.679222031528349	0.00727341185891961	-0.124682038819573	0.0163461394038137
6.52169462511178	5.25562765810312	12.9909824427811	-0.0171493791180310	-0.0127173356824154	-0.0475581823696456	-0.496616088235356	-0.0321723181687573	-0.559640140843843	0.662676629741645	-1.16984788435985e-05	-0.128800142426059	0.0180799653080843
7.88362531128417	6.12380898722035	14.1421412962878	-0.0192598276531240	-0.0139722860589099	-0.0514151913848199	-0.505400686379237	-0.0437743275313087	-0.572808245714162	0.643851433250281	0.00915046200496964	-0.133918457858323	0.00444933058751118
9.18604509940301	6.91432375112801	14.9719708692902	-0.0212900476608700	-0.0150699603019201	-0.0535834568235217	-0.514721882533514	-0.0558874339218486	-0.586240963661816	0.623104735093268	0.0138038394100329	-0.132826800291150	0.0266590993551737
10.3720262794433	7.59263444039233	15.4441996132745	-0.0231455932041612	-0.0159741638394910	-0.0539642008721337	-0.524455012521459	-0.0680205210294303	-0.599354891114329	0.600910861157737	0.0128803689618145	-0.127856917694765	0.0180235938634618
11.3897254698646	8.12911209733679	15.5381857260637	-0.0247350550353533	-0.0166618529783143	-0.0525376431286017	-0.534482963008052	-0.0796758403010050	-0.611615517544188	0.577846157230121	0.0249439244119341	-0.133716197033282	-0.00407109115564384
12.1946502376180	8.50032934327949	15.2498205247532	-0.0259748710802497	-0.0171222416351143	-0.0493650922315337	-0.544705592710254	-0.0903766872485216	-0.622565337568276	0.554563136288965	0.0206164019455883	-0.129920152709101	-0.00854894028656898
12.7516053764318	8.69008201502065	14.5917088592511	-0.0267947239652499	-0.0173550203622926	-0.0445871107596201	-0.555043430035735	-0.0996931019628819	-0.631842708609518	0.531754518337336	0.0279502453818013	-0.146981828241048	-0.0326460222488986
13.0362334983557	8.69009524306689	13.5926183389642	-0.0271430063681936	-0.0173682484085373	-0.0384174910848574	-0.565435515771341	-0.107263386993376	-0.639190411447656	0.510110636262843	0.0251346928833372	-0.145253930300226	-0.0379906510232722
13.0360821096228	8.50038349306342	12.2962213160114	-0.0269916176352596	-0.0171763914190381	-0.0311331774062810	-0.575832423931246	-0.112809993192305	-0.644454506959063	0.490274732619956	0.00825226175530555	-0.150058022535034	-0.0443185857817075
12.7511499509795	8.12924903096079	10.7591847520936	-0.0263392985129887	-0.0167987866023018	-0.0230607201803388	-0.586186456618418	-0.116149302055171	-0.647575573921444	0.472800860584616	-0.00619535611991937	-0.157366816578035	-0.0279076634123169
12.1938882173180	7.59291888474592	9.04869183005211	-0.0252128507802912	-0.0162586081930747	-0.0145602340022411	-0.596441565474892	-0.117195768628737	-0.648575403115598	0.458118496966472	0.00211759461294937	-0.145470246769269	-0.0170122630118514
11.3886563092996	6.91483604559801	7.23950411725613	-0.0236658944702882	-0.0155822547719151	-0.00600804972798962	-0.606525593625052	-0.115961541772078	-0.647542486047806	0.446506835189170	0.0131852175809208	-0.136493958321697	-0.0294474988414108
10.3706558936950	6.12463572197487	5.41069312242426	-0.0217752074558392	-0.0147990208134209	0.00222073692804628	-0.616346962088472	-0.112552909769857	-0.644619144989380	0.438080383879273	0.0130760580995975	-0.158654272198301	-0.0257333025101595
9.18439012635985	5.25685125352093	3.64218435687626	-0.0196350746176864	-0.0139409311002093	0.00976879326609849	-0.625797046048538	-0.107164729794384	-0.639992073005323	0.432786233994763	0.0190743169046166	-0.161118348519586	-0.0335613638088555
7.88171584873912	4.34940615501665	2.01126495525005	-0.0173503651080536	-0.0130426576874673	0.0163114176677075	-0.634758366225977	-0.100073515660320	-0.633886689218840	0.430412329285176	0.00937815495477621	-0.172854809245926	-0.0287049141336833
6.51957445118263	3.44195812431871	0.589207261617100	-0.0150292051888643	-0.0121414520810531	0.0215693258507082	-0.643117555085396	-0.0916292777329399	-0.626564407952797	0.430605304762823	0.00527240276616134	-0.184775789571817	-0.0266296415790088
5.15750111080412	2.57416727844338	-0.561844443624234	-0.0127761024476436	-0.0112769849464523	0.0253191866005607	-0.650781044072331	-0.0822457332267444	-0.618320967713859	0.432895891557680	-0.00125614089361524	-0.180921940835790	0.00302997580232677
3.85502165651819	1.78396411217173	-1.39158844039273	-0.0106862162728166	-0.0104909083394611	0.0274018758053877	-0.657690733577391	-0.0723882801051879	-0.609483558804716	0.436729467080691	0.00283868498642417	-0.181129770727998	-0.0105374599699137
2.66905100332232	1.10589260991566	-1.86376299191736	-0.00884119757392380	-0.00982589181013716	0.0277284273942642	-0.663836686988167	-0.0625592080117386	-0.600404684095405	0.441499053020293	0.0100547183832290	-0.181038741559086	0.00461949717632776
1.65140677679739	0.569600644067640	-1.95773081014860	-0.00730669963912573	-0.00932389376775804	0.0262835750927931	-0.669264202431508	-0.0532799630721794	-0.591451410022165	0.446577991465698	0.0172090526500595	-0.166074891549701	0.0190875119649946
0.846546493032776	0.198543443778264	-1.66938125284117	-0.00613136758296287	-0.00902355076427796	0.0231266681987560	-0.674073438847555	-0.0450707730565010	-0.582989729621461	0.451349753087577	0.00256241313103581	-0.178776501780927	0.0270386571038111
0.289626756511763	0.00895679125412038	-1.01131058873161	-0.00534691699079786	-0.00895679125411185	0.0183896881194520	-0.678410983960626	-0.0384284258397978	-0.575364918430861	0.455232911341105	0.00619752660261752	-0.164660192320024	0.0478388112243452
0.00496885488062104	0.00914504888619701	-0.0122721515656439	-0.00496885488062287	-0.00914504888618914	0.0122721515656391	-0.682454139444275	-0.0338033466906341	-0.568879764369971	0.457700223943854	0.00768457816719802	-0.170285834671321	0.0374786157991668
0.00499747268461282	0.199115569466762	1.28407983209241	-0.00499747268461565	-0.00959567645277792	0.00503287718179486	-0.686390004248688	-0.0315772706217122	-0.563773195043690	0.458291853078143	-0.0109614838021671	-0.181706685378218	0.0372623336297790
0.289698739174677	0.570576014491201	2.82109793921140	-0.00541889965372033	-0.0102992641913218	-0.00302112324531140	-0.690392412588736	-0.0320427690983524	-0.560202007803480	0.456623792679887	-0.0299479457544236	-0.177637930807844	0.0277328859352741
0.846621294699240	1.10729522027795	4.53161732065339	-0.00620616924944122	-0.0112285021724337	-0.0115480688239681	-0.694600248465476	-0.0353857477323556	-0.558228136038459	0.452393293301469	-0.0322305486542138	-0.182098196383082	0.0249580833546677
1.65142043071578	1.78581220864162	6.34089114355067	-0.00732035355753286	-0.0123390048093559	-0.0201863631995068	-0.699100537424365	-0.0416718881376136	-0.557813253781968	0.445383280127559	-0.0322132765777571	-0.184525187864008	0.0374471413736742
2.66892163915539	2.57646248176094	8.16985719205584	-0.00871183340700864	-0.0135721882640268	-0.0285702035288504	-0.703919039542750	-0.0508379350383615	-0.558821667280923	0.435467374561652	-0.0252760223872253	-0.179921381660866	0.0270071760622800
3.85465715595298	3.44467660440903	9.93859273142024	-0.0103217157076255	-0.0148599321713800	-0.0363450336832967	-0.709019951278248	-0.0626887271490841	-0.561031501716074	0.422616239938818	-0.0346990624806504	-0.184043722383888	0.0305974355334962
5.15680834936862	4.35249393589755	11.5698066827467	-0.0120833410121686	-0.0161304385683738	-0.0431822077851977	-0.714314936316479	-0.0769008550201848	-0.564153269249580	0.406904803421341	-0.0413681840116404	-0.188910989014001	0.0275743158460215
6.51846905112877	5.26022480526951	12.9922167056226	-0.0139238051350244	-0.0173144828487982	-0.0487924452110839	-0.719680242126117	-0.0930336714695486	-0.567854076123490	0.388518768267543	-0.0139260698566184	-0.190945981193981	0.0328215832273942
7.88013096634212	6.12818787716175	14.1436639286248	-0.0157654827110824	-0.0183511760003080	-0.0529378237218190	-0.724979327159545	-0.110547964041980	-0.571785054499513	0.367758037693882	0.00324050252797791	-0.191311280105844	0.0265205491373868
9.18228272465490	6.91844623637770	14.9738295200809	-0.0175276729127660	-0.0191924455516085	-0.0554421076142938	-0.730087433304060	-0.128831884622888	-0.575609159655998	0.345034462852800	-0.00216881632451134	-0.184262460179725	0.0273900670083392
10.3680093116040	7.59646596419466	15.4464345391349	-0.0191286253648847	-0.0198056876418177	-0.0561991267324831	-0.734914081240274	-0.147232797104195	-0.579026338095842	0.320861802717242	0.00983095594532515	-0.183192010634730	0.0267216171819682
11.3854786770150	8.13262464483413	15.5408268394628	-0.0204882621857133	-0.0201744004756484	-0.0551787565276814	-0.739419678646522	-0.165092744613570	-0.581793324138567	0.295836868043910	0.00240965210657144	-0.189191295527001	0.0323219831442428
12.1902071896123	8.50350410049252	15.2528853292468	-0.0215318230746330	-0.0202969988481438	-0.0524298967250798	-0.743623342122894	-0.181784515072665	-0.583735995483913	0.270612273753757	-0.0149708306046190	-0.188694217920291	0.0400811111318134
12.7470050672155	8.69291132403496	14.5952015662228	-0.0221944147489133	-0.0201843293766089	-0.0480798177313668	-0.747600525919439	-0.196745040264174	-0.584753262996737	0.245862693776621	-0.0196847010920658	-0.190141082138858	0.0449870964236590
13.0315165987575	8.69258356498037	13.5965302623960	-0.0224261067700074	-0.0198565703220163	-0.0423294145167049	-0.751470857209552	-0.209503228070070	-0.584812735036080	0.222247639205866	-0.0137576742756794	-0.188113459589354	0.0419413267258086
13.0312873906698	8.50254727500808	12.3005324153559	-0.0221968986822548	-0.0193401733636966	-0.0354442767508170	-0.755378333693885	-0.219700251718220	-0.583939646011618	0.200374305230554	-0.0171405480201367	-0.178354997945568	0.0644858712366410
12.7463113613877	8.13111556482560	10.7638660011306	-0.0215007089211349	-0.0186653204671202	-0.0277419692173402	-0.759467376679130	-0.227101577376492	-0.582201509391990	0.180763878512603	0.00631822719740467	-0.204714168192536	0.0557360384761200
12.1890329438935	7.59452438948136	9.05370798180997	-0.0203575773558073	-0.0178641129285117	-0.0195763857600891	-0.763858883881849	-0.231601267794053	-0.579691434814914	0.163823986867582	0.0106012306979567	-0.206115048144209	0.0493180118926648
11.3838039426209	6.91622327028334	7.24481643236421	-0.0188135277916742	-0.0169694794572409	-0.0113203648360664	-0.768630292534702	-0.233220027329584	-0.576512942093208	0.149828968659068	0.00795163319887078	-0.196000939583026	0.0549550689068841
10.3658186186275	6.12585135225618	5.41626171848815	-0.0169379323883725	-0.0160146510947379	-0.00334785913584058	-0.773802823242323	-0.232098843798118	-0.572768460457785	0.138908632397722	0.00603108859158756	-0.201257179355608	0.0488657922715176
9.17957370141068	5.25794333485994	3.64796998395321	-0.0148186496685215	-0.0150330124392217	0.00398316618914754	-0.779337736595664	-0.228489907563911	-0.568552690489928	0.131045383726581	0.00826308949154971	-0.218293905272575	0.0424863955685848
7.87692105235614	4.35042165956845	2.01723016336993	-0.0125555687250677	-0.0140581622392653	0.0103462095478307	-0.785141864555324	-0.222745894283752	-0.563950866948565	0.126079097277397	0.0226141376213083	-0.205796923156671	0.0558864039088375
6.51479865848905	3.44294071731213	0.595317062224063	-0.0102534124952749	-0.0131240450744749	0.0154595252437477	-0.791081140738293	-0.215307938098169	-0.559040933751047	0.123718854467999	0.0311818967885590	-0.187177148171604	0.0609402728443278
5.15273970914093	2.57515530301956	-0.555622234367321	-0.00801470078445348	-0.0122650095226383	0.0190969773436504	-0.796999573919263	-0.206691965591546	-0.553897919573883	0.123560532631342	0.0194147422721031	-0.182047545312955	0.0564389899826719
3.85026909517449	1.78498880931347	-1.38528296199681	-0.00593365492911528	-0.0115156054811984	0.0210963974094691	-0.802740263795464	-0.197472708766911	-0.548598497788673	0.125109097981959	0.00545557687899410	-0.199723910075199	0.0614801365053791
2.66430138372999	1.10697660902869	-1.85740001863598	-0.00409157798159408	-0.0109098909231738	0.0213654541128887	-0.808164769801427	-0.188264751591681	-0.543223854713095	0.127804271566232	0.00348950840366925	-0.182735422027968	0.0574018158451496
1.64665400626316	0.570756780678624	-1.95133223534541	-0.00255392910489290	-0.0104800303787429	0.0198850002896073	-0.813167469701771	-0.179700347199594	-0.537859520509508	0.131048035591711	0.0157260023303713	-0.172201940540432	0.0409732662187921
0.841784129748720	0.199773967339460	-1.66296435922790	-0.00136900429890618	-0.0102540743254746	0.0167097745854899	-0.817682457713493	-0.172404331426913	-0.532591615138876	0.134232322249990	0.0153025088756374	-0.162165951351876	0.0402626047264781
0.284847748797559	0.0102530114716894	-1.00488717950087	-0.000567909276594462	-0.0102530114716823	0.0119662788887142	-0.821681904650402	-0.166967068645984	-0.527499860481005	0.136765283425204	0.0204484401414789	-0.159784827162857	0.0289868447731658
0.000165409429753627	0.0104874384585719	-0.00584769334771140	-0.000165409429755964	-0.0104874384585658	0.00584769334770742	-0.825166410688722	-0.163916832251958	-0.522648527714356	0.138094834275544	0.00499362367431022	-0.148371607505134	0.0137834493279525
0.000161268003197353	0.200474308514410	1.29050685862355	-0.000161268003201030	-0.0109544155004271	-0.00139414934934435	-0.828149435965471	-0.163693250561205	-0.518077065652198	0.137728666137401	0.0130101726945794	-0.155136291695910	0.0221201639720231
0.284821633580959	0.571911942665735	2.82753627576689	-0.000541794060003330	-0.0116351923658576	-0.00945945980080130	-0.830639099954547	-0.166623440572452	-0.513792382972719	0.135250515258587	-0.00512587883209736	-0.155102067943243	0.0155162737672810
0.841696574044505	1.10856116526285	4.53808257339637	-0.00128144859470731	-0.0124944471573415	-0.0180133215669500	-0.832621261412698	-0.172902288709889	-0.509764599688625	0.130332983188081	-0.0245335728392408	-0.146539284424671	0.0174446303807271
1.64644451610610	1.78695468113195	6.34740470220934	-0.00234443894785256	-0.0134814772996840	-0.0266999218581827	-0.834047701040658	-0.182578132749149	-0.505927579451762	0.122747473215168	-0.0323794355302615	-0.139442177505563	0.0230105903324125
2.66389604874643	2.57742375153879	8.17644437568439	-0.00368624299805775	-0.0145334580418710	-0.0351573871573998	-0.834832434075494	-0.195544936287905	-0.502184801556326	0.112371749090148	-0.0265051418056111	-0.161215514657700	0.0234287503799122
3.84959040755278	3.44539717771010	9.94528021210578	-0.00525496730743177	-0.0155805054724579	-0.0430325143688367	-0.834857805002099	-0.211541933891542	-0.498420260211870	0.0991952611914338	-0.0163066049927026	-0.157133322509988	0.0132481993759307
5.15171742293095	4.35291542137289	11.5766193600470	-0.00699241457450920	-0.0165519240437135	-0.0499948850854679	-0.833990276925545	-0.230161583650393	-0.494513227487813	0.0833218533446241	-0.0103725658025379	-0.151567604374564	0.00783406209346192
6.51338002307309	5.26029307731150	12.9991743343736	-0.00883477707935072	-0.0173827548907964	-0.0557500739621218	-0.832103996507411	-0.250866365087517	-0.490355014036672	0.0649689623841000	-0.0173216727323717	-0.146353850409117	0.00868061244652013
7.87507849816041	6.12785633323015	14.1507779174108	-0.0107130145293717	-0.0180196320687143	-0.0600518125078033	-0.829108592198511	-0.273014387834565	-0.485865416111639	0.0444621614925002	-0.0141217701070548	-0.147839950094625	0.00822433640993405
9.17730824224993	6.91767883125209	14.9811003828183	-0.0125531905077952	-0.0184250404260013	-0.0627129703516734	-0.824976546923633	-0.295892896991632	-0.481006427378314	0.0222240265615818	-0.0328054822198839	-0.130856496960133	0.0178660427045962
10.3631579343404	7.59523963323598	15.4538504625094	-0.0142772481012854	-0.0185793566831324	-0.0636150501069837	-0.819765130177706	-0.318757672112702	-0.475791059616574	-0.00124314237258520	-0.0426593172112741	-0.124910371650217	0.0223315578238302
11.3807952058695	8.13093074168727	15.5483637036633	-0.0158047910402683	-0.0184804973287876	-0.0627156207281803	-0.813628429157334	-0.340875248627954	-0.470285745712677	-0.0253803372568247	-0.0485272198102791	-0.118126280309879	0.0315999942197569
12.1857316810483	8.50134859149104	15.2605082975040	-0.0170563145105915	-0.0181414898466656	-0.0600528649823041	-0.806816467049130	-0.361564151912067	-0.464605715380206	-0.0495992115513521	-0.0439077038970941	-0.117748372827408	0.0342739239647880
12.7427686400369	8.69031368531798	14.6028680838489	-0.0179579875703133	-0.0175866906596313	-0.0557463353574746	-0.799660514807614	-0.380231210050577	-0.458903796672013	-0.0733116181863909	-0.0400047041047213	-0.129225466897464	0.0300853722901199
13.0275381041062	8.68957456671767	13.6041940465640	-0.0184476121187120	-0.0168475720593213	-0.0499931986846441	-0.792546078946608	-0.396399645488067	-0.453354113768811	-0.0959587480753497	-0.0325773641845485	-0.132382140205948	0.0154081936794335
13.0275714210855	8.49916603928628	12.3081478418892	-0.0184809290979688	-0.0159589376419015	-0.0430597032840557	-0.785877176210691	-0.409726958288315	-0.448132924610612	-0.117037453162891	-0.0458720400979561	-0.128612290266012	0.0309272167084923
12.7428478280858	8.12740638793157	10.7713922480094	-0.0180371756192483	-0.0149561435730922	-0.0352682160961459	-0.780036930685730	-0.420012298876847	-0.443399216766738	-0.136121967842137	-0.0478719808734640	-0.116303036297599	0.0474792495703966
12.1857981832315	7.59053379761565	9.06111237412678	-0.0171228166937784	-0.0138735210628071	-0.0269807780769020	-0.775349981046673	-0.427194645900832	-0.439277593961866	-0.152880138826666	-0.0456911373687040	-0.121586522568924	0.0595640165588610
11.3807630919745	6.91199764533336	7.25207661510018	-0.0157726771452284	-0.0127438545072639	-0.0185805475720360	-0.772051651183346	-0.431344233578419	-0.435845484711564	-0.167084151014563	-0.0364239016143337	-0.123007082265053	0.0546720268716587
10.3629288703869	6.12143526985993	5.42336650636780	-0.0140481841477949	-0.0115985686984803	-0.0104526470154872	-0.770267528797808	-0.432650055900366	-0.433125922145021	-0.178616345207131	-0.0380757670281625	-0.109566650712349	0.0507369138197603
9.17678800705387	5.25337856140760	3.65491894831626	-0.0120329553117036	-0.0104682389868865	-0.00296579817389422	-0.770005351345467	-0.431405898039497	-0.431086254203782	-0.187470935007621	-0.0191854756050765	-0.112052098380510	0.0659354755467211
7.87419188371441	4.34574660939818	2.02403217864286	-0.00982640008333944	-0.00938311206899742	0.00354419427490574	-0.771159262712590	-0.427996418983385	-0.429642309353158	-0.193752271944507	-0.0171826737161486	-0.116726866303989	0.0777352568773574
6.51208150668586	3.43819010512809	0.601988134839966	-0.00753626069208632	-0.00837343289043476	0.00878845262785078	-0.773524851801758	-0.422883676450221	-0.428666884191138	-0.197669932551400	-0.00638479273182534	-0.109521393777868	0.0891484548640827
5.14999608523626	2.57035974358794	-0.549061492410094	-0.00527107687978493	-0.00746945009101774	0.0125362353864285	-0.776822097305973	-0.416593499262979	-0.428001002872528	-0.199530516586026	0.00193276370148507	-0.104855998526689	0.0670563973438793
3.84746887633074	1.78017420075340	-1.37880986597532	-0.00313343608536166	-0.00670099692113243	0.0146233013879810	-0.780722530313679	-0.409700535344961	-0.427466247562353	-0.199725835068027	-0.00490631770570098	-0.100180186393192	0.0603457693320450
2.66142442357918	1.10216325896366	-1.85099205810249	-0.00121461783077677	-0.00609654085814828	0.0149574935793981	-0.784876652982174	-0.402810747972221	-0.426876567345437	-0.198717229179901	0.000998560808300074	-0.121908314330754	0.0550369232914675
1.64369100220379	0.565958362815422	-1.94496883452696	0.000409074954477724	-0.00568161251554244	0.0135215994711549	-0.788937948243548	-0.396540556039870	-0.426048310349179	-0.197016086869729	-0.00131143585065651	-0.127997336700029	0.0590398014307055
0.838736813900353	0.194996498753163	-1.65662806531398	0.00167831154946054	-0.00547660573917968	0.0103734806715664	-0.792580663454778	-0.391492553272547	-0.424807737204112	-0.195161110524738	0.00458477081405664	-0.136728705609314	0.0582039857576468
0.281728535761265	0.00549409583328503	-0.998564316264710	0.00255130375969892	-0.00549409583327973	0.00564341565255251	-0.795509853744556	-0.388228575961014	-0.422995884087255	-0.193693385142190	0.00939206122685355	-0.130751074979226	0.0546072583981651
-0.00300332201836656	0.00573601878986195	0.000471372868296016	0.00300332201836350	-0.00573601878985778	-0.000471372868297586	-0.797463738628855	-0.387241609765575	-0.420471246997793	-0.193130659622900	0.00861485673516679	-0.120961494133011	0.0547379751779513
-0.00302554062549229	0.195711120155489	1.29682761968232	0.00302554062548755	-0.00619122714150928	-0.00771491040811962	-0.798209988741655	-0.388928493148782	-0.417111240056096	-0.193942399977240	0.00289014814298277	-0.120824093858233	0.0520495412228152
0.281656307114993	0.567110768871581	2.83385990808552	0.00262353240596206	-0.00683401857170602	-0.0157830921194366	-0.797538816785717	-0.393565545214222	-0.412813633836447	-0.196527100062609	0.00410867316865306	-0.127041938418135	0.0396004035865712
0.838599476197761	1.10369089345431	4.54440548989334	0.00181564925203483	-0.00762417534880652	-0.0243362380639152	-0.795256432326108	-0.401289163979600	-0.407499135387696	-0.201193112145482	0.00275074400929807	-0.123213479178911	0.0328174025929615
1.64346861034905	1.78198205267852	6.35371772817664	0.000631466809197404	-0.00850884884626586	-0.0330129478254840	-0.791182368139779	-0.412083197142751	-0.401115917677449	-0.208143987573790	0.000179616370827480	-0.111823704668196	0.0258367748929123
2.66109935257821	2.57231659999473	8.18273158577097	-0.000889546829842002	-0.00942630649782531	-0.0414445972439836	-0.785153370922568	-0.425774559220110	-0.393646298003006	-0.217469080373229	0.00347475143348637	-0.111644112331746	0.0198600115627798
3.84703442307410	3.44012786233999	9.95151761847646	-0.00269898282875877	-0.0103111901023517	-0.0492699207395211	-0.777035093143474	-0.442038178802212	-0.385115019081355	-0.229139989051900	0.00535367673226616	-0.111734172221485	0.0224550421005401
5.14946495829044	4.34746408854879	11.5827737751176	-0.00473994993400384	-0.0111005912196266	-0.0561493001560272	-0.766740974611439	-0.460411864165273	-0.375597860849217	-0.243013250900546	-0.00495004419506619	-0.114252387463276	0.0141473338309384
6.51149229779999	5.25465033398891	13.0052028090202	-0.00694705180625259	-0.0117400115682056	-0.0617785486087142	-0.754255800051025	-0.480320996375911	-0.365228774348241	-0.258839469397390	0.00362367259604889	-0.117109787309492	0.0157551745135517
7.87361159716703	6.12202491626824	14.1566281452268	-0.00924611353599818	-0.0121882151068142	-0.0659020403238628	-0.739659842010570	-0.501112043707617	-0.354203526751671	-0.276278662594041	-0.0184334020849443	-0.112014118281937	0.0230669636115179
9.17630919541120	6.91167392947992	14.9867123455892	-0.0115541436690716	-0.0124201386538424	-0.0683249331225279	-0.723148607728620	-0.522092777609272	-0.342778066247580	-0.294921040293777	-0.0273057511232193	-0.105739361102990	0.0282642127096540
10.3626608922049	7.58908768103457	15.4591593803776	-0.0137802059658059	-0.0124274044817297	-0.0689239679751902	-0.705043272611684	-0.542575925981871	-0.331260459210563	-0.314311718606750	-0.0326824003544357	-0.131412798539622	0.0265897436810169
11.3808182900364	8.12466674237843	15.5533040865173	-0.0158278752071651	-0.0122164980199529	-0.0676560035821996	-0.685787995468358	-0.561922107096008	-0.319996222217445	-0.333977227659070	-0.0307204375807736	-0.135831537805468	0.0357933308240131
12.1862750585413	8.49501230087383	15.2650186396661	-0.0175996920036498	-0.0118051992294552	-0.0645632071442968	-0.665932325890654	-0.579577568763726	-0.309347979139312	-0.353451279417993	-0.0253599366414829	-0.140413523137625	0.0377424650393661
12.7438141934072	8.68394521943605	14.6068955767522	-0.0190035409406817	-0.0112182247777060	-0.0597738282606786	-0.646099439062011	-0.595102749333510	-0.299671376444611	-0.372297325694457	-0.0229619814382351	-0.148763004989695	0.0282824019408662
13.0290507840194	8.68321012155912	13.6076986571737	-0.0199602920318821	-0.0104831269007734	-0.0534978092943440	-0.626943406718777	-0.608189009315651	-0.291289856046800	-0.390126022566730	-0.0364546750597515	-0.157751947936784	0.0257558089348011
13.0295020583944	8.49283438142936	12.3111052271171	-0.0204115664069015	-0.00962727978497678	-0.0460170885119446	-0.609100565537580	-0.618662817354194	-0.284471065076629	-0.406606729677880	-0.0266441712977179	-0.148608145335811	0.0250642215280729
12.7451369406132	8.12112660151578	10.7737952066504	-0.0203262881466640	-0.00867635715729745	-0.0376711747371111	-0.593140881090214	-0.626478753842961	-0.279407359788922	-0.421473360319106	-0.0292855526016202	-0.150937978415077	0.0408707284302543
12.1883802042531	7.58431450862044	9.06297080441236	-0.0197048377153829	-0.00765423206758996	-0.0288392083624093	-0.579524930167198	-0.631704388141844	-0.276202157138491	-0.434525936750716	-0.0417142299619068	-0.148134157657907	0.0291954989238332
11.3835704870949	6.90583766605344	7.25341617188190	-0.0185800722656034	-0.00658387522734613	-0.0199201043536876	-0.568570942292998	-0.634500970851251	-0.274863010225893	-0.445629809571166	-0.0435219503929690	-0.150493969115961	0.0496942012226197
10.3658957608005	6.11532538338738	5.42422628721554	-0.0170150745613621	-0.00548868222593563	-0.0113124278631625	-0.560434647082549	-0.635103791327485	-0.275301447352644	-0.454714518875804	-0.0258965353593617	-0.157096398261210	0.0482155890497072
9.17985311462529	5.24730403621443	3.65534857163908	-0.0150980628831221	-0.00439371379371515	-0.00339542149665378	-0.555102884941216	-0.633805099908634	-0.277338967282474	-0.461773732131265	-0.0281567293442217	-0.159994021142375	0.0415536511627106
7.87730079120753	4.33969000151945	2.02408857263216	-0.0129353075764578	-0.00332650419025882	0.00348780028566573	-0.552400359621067	-0.630941020317763	-0.280718174806982	-0.466866766758927	-0.0285780627554686	-0.162455464708071	0.0424033127713221
6.51518834094922	3.43213394977505	0.601732273862962	-0.0106430949554443	-0.00231727753739116	0.00904431360490699	-0.552007685542482	-0.626882307880213	-0.285117835995207	-0.470121161793660	-0.0265789192548431	-0.163782197343998	0.0402980274475264
5.15306476848809	2.56428883085062	-0.549567749169104	-0.00833976013161311	-0.00139853735369064	0.0130424921454864	-0.553488026856786	-0.622027533615092	-0.290170558802454	-0.471734881427246	-0.00704364324672942	-0.175067404859824	0.0305330051551617
3.85047406322642	1.77407724644419	-1.37950673700959	-0.00613862298103435	-0.000604042611914669	0.0153201724222871	-0.556319105714659	-0.616796556150007	-0.295481800841419	-0.471976234899433	0.00709084438438286	-0.166783482639003	0.0352800662116303
2.66435217709619	1.09603390399858	-1.85182453624908	-0.00414237134778180	3.28141069460709e-05	0.0157899717260341	-0.559927158526879	-0.611622081362178	-0.300648951618772	-0.471179599117732	-0.00786498530964607	-0.170565683895386	0.0373142893357862
1.64653919040836	0.559795550179339	-1.94588906106176	-0.00243911325009017	0.000481200120542890	0.0144418260059871	-0.563719565652622	-0.606937644436922	-0.305279351171972	-0.469735526454833	0.000853717279089717	-0.194773898017486	0.0389950210411867
0.841515156842293	0.188804374198047	-1.65759732984840	-0.00110003139247857	0.000715518815935793	0.0113427452060084	-0.567113409843882	-0.603161301119861	-0.309006326014620	-0.468074690289475	0.00456041422843150	-0.198300820095801	0.0372036182954383
0.284458209583441	-0.000718356011361943	-0.999554641557366	-0.000178370062476227	0.000718356011365943	0.00663374094521601	-0.569558129061955	-0.600675439978072	-0.311502662918220	-0.466646166191744	0.0167277159066689	-0.201933101582019	0.0302277056323539
-0.000290608494812994	-0.000483332086297493	-0.000523915996476054	0.000290608494810160	0.000483332086300154	0.000523915996476858	-0.570551627930149	-0.599804178177680	-0.312491371711650	-0.465891543508387	-0.00184439556964755	-0.205250073037002	0.0231664116102902
-0.000289052551652179	0.189502518895664	1.29583088028215	0.000289052551647335	1.73741183143095e-05	-0.00671817100794953	-0.569650503912343	-0.600790584588910	-0.311754027761904	-0.466217120058841	-0.00432529125806113	-0.217178981635110	0.0339415497875110
0.284464222986219	0.560934858923474	2.83285238479571	-0.000184383465260089	-0.000658108623598575	-0.0147755688296292	-0.566476162979320	-0.603776377752176	-0.309137316589510	-0.467966838500898	-0.00291335183919063	-0.213719723641053	0.0130179166217019
0.841530704723087	1.09757428558011	4.54336519654687	-0.00111557927329170	-0.00150756747460606	-0.0232959447174576	-0.560719275809465	-0.608786755159371	-0.304558514066915	-0.471398655054919	-0.00577124177304742	-0.227833310394013	0.0113162653619500
1.64657606622117	1.77595658228807	6.35261072371310	-0.00247598906293137	-0.00248337845581542	-0.0319059433619444	-0.552145066637293	-0.615722672681154	-0.298010459688778	-0.476666740659090	0.00331930529615665	-0.230428149809830	0.0125397145749543
2.66443338127857	2.56641982020370	8.18151326502871	-0.00422357553020443	-0.00352952670679737	-0.0402262765017304	-0.540601278546307	-0.624362281355597	-0.289566131118232	-0.483811383664906	-0.0249202369955649	-0.231950544702592	0.00462444096630643
3.85063899588944	3.43440315628255	9.95013470516448	-0.00630355564410136	-0.00458648404490964	-0.0478870074275445	-0.526029432066142	-0.634372404856345	-0.279382308445774	-0.492757764306622	-0.0371028248753088	-0.239374142102407	0.0116947693627956
5.15337394639093	4.34196007458027	11.5811671005746	-0.00864893803449644	-0.00559657725109825	-0.0545426256130537	-0.508478449548412	-0.645329945365891	-0.267701199806847	-0.503323946957498	-0.0252080025356940	-0.248375702750426	-0.00119319831488658
6.51572620727463	5.24941931413644	13.0033108700544	-0.0111809612808982	-0.00650899171573715	-0.0598866096428894	-0.488118218119705	-0.656751978016408	-0.254848487694634	-0.515237511086817	-0.0467527615865524	-0.249983324208280	-0.00980180200462075
7.87817521234873	6.11712028047745	14.1543912820898	-0.0138097287177005	-0.00728357931601820	-0.0636651771868135	-0.465249597475007	-0.668132112809286	-0.241226220784590	-0.528159258451773	-0.0486352172632374	-0.247104016267787	-0.00440654025175546
9.18119056805001	6.90714665296004	14.9840771972803	-0.0164355163078800	-0.00789286213395477	-0.0656897848136140	-0.440307069930660	-0.678979618975635	-0.227299408315077	-0.541711491630364	-0.0614016738243472	-0.251349792322268	-0.0103272172936209
10.3678319945504	7.58498229042740	15.4560831135935	-0.0189513083112731	-0.00832201387456213	-0.0658477011910399	-0.413850847495179	-0.688857045418764	-0.213576037097992	-0.555507626754098	-0.0542505143701518	-0.257779866312834	0.0155321540486833
11.3862374167774	8.12101731169659	15.5497578196686	-0.0212470019481943	-0.00856706733811324	-0.0641097367334158	-0.386546735415935	-0.697411884133124	-0.200581354894136	-0.569179589653390	-0.0339844799579727	-0.240402463858243	0.00562078241154398
12.1918907559186	8.49183910588600	15.2609895410070	-0.0232153893808847	-0.00863200424163222	-0.0605341084852025	-0.359134099188601	-0.704398398712615	-0.188828377187451	-0.582399724124118	-0.0367208037711556	-0.227238638974621	0.000264967893366899
12.7495701924095	8.68125259479572	14.6023873122286	-0.0247595399429595	-0.00852560013737227	-0.0552655637371129	-0.332384403674956	-0.709687098926101	-0.178787381151665	-0.594894866470058	-0.0330982233106449	-0.214660096574435	-0.00101908483641569
13.0348912093655	8.68098584360148	13.6027301559565	-0.0258007173779755	-0.00825884894312822	-0.0485293080771324	-0.307054456573853	-0.713261280957714	-0.170857427559917	-0.606451684169732	-0.0465336327365402	-0.200615671529940	0.00323031806217910
13.0353761420404	8.49105060570726	12.3057080406717	-0.0262856500528443	-0.00784350406288094	-0.0406199020665218	-0.283839294561072	-0.715202166333516	-0.165342631177143	-0.616914038136869	-0.0412746656559081	-0.190716453425425	-0.000887132944651795
12.7510026003299	8.11974210756409	10.7680099733809	-0.0261919478632871	-0.00729186320560794	-0.0318859414676459	-0.263329469216179	-0.715665968959356	-0.162435099273626	-0.626174616253134	-0.0522467481654366	-0.183259982402444	0.00160744668907043
12.1942061091578	7.58327782340240	9.05684343563770	-0.0255307426200885	-0.00661754684955266	-0.0227118395877461	-0.245976492498837	-0.714857280561717	-0.162205430889024	-0.634164041676902	-0.0387908286719931	-0.193242930024221	-0.00332199860374694
11.3893365418024	6.90509058880013	7.24699433185392	-0.0243461269731354	-0.00583679797402843	-0.0134982643257038	-0.232068768907763	-0.713003279431095	-0.164600707479482	-0.640840867232571	-0.0310319595799111	-0.188084209137701	-0.00597679001563129
10.3715922155661	6.11480650463071	5.41755658091305	-0.0227115293270015	-0.00496980346926141	-0.00464272156066800	-0.221718897972198	-0.710332483627057	-0.169449226214868	-0.646185308345365	-0.0229782894103852	-0.189218417917248	-0.00647271162628915
9.18547869480378	5.24695198299260	3.64847463670068	-0.0207236430616107	-0.00404166057188272	0.00347851344175365	-0.214862085387023	-0.707060349827651	-0.176470906350173	-0.650198404471041	-0.0298532634485693	-0.182711337299505	-0.00610266485183304
7.88286031702836	4.33944628875405	2.01705005670885	-0.0184948333972829	-0.00308279142485932	0.0105263162089791	-0.211264665378748	-0.703382334368227	-0.185292270063634	-0.652906813807127	-0.0257316436985132	-0.159433772053244	-0.0114173657169997
6.52069028975734	3.43194542760525	0.594564512083297	-0.0161450437635634	-0.00212875536759487	0.0162120753845780	-0.210541341561623	-0.699473453112303	-0.195465009637324	-0.654371959891363	-0.0156762821422421	-0.157612416335409	-0.0116247544864676
5.15851914322049	2.56410976799472	-0.556833635410885	-0.0137941348640049	-0.00121947449779623	0.0203083783872714	-0.212179537136304	-0.695492189826482	-0.206487246204407	-0.654701057785849	-0.0172702103490212	-0.164800026298896	-0.000894507025004187
3.85589080208060	1.77387108523270	-1.38684361470794	-0.0115553618352106	-0.000397881400428569	0.0226570501206481	-0.215569061059628	-0.691585980275346	-0.217826568686452	-0.654056876559482	-0.0256539340694641	-0.166139451317848	0.00256980749564988
2.66974019497938	1.09577468599933	-1.85920915272491	-0.00953038923096689	0.000292032106194277	0.0231745882018697	-0.220035088832627	-0.687895493515064	-0.228943816748670	-0.652663066563932	-0.0225034165459431	-0.154831917340130	0.0172951362538249
1.65190600335351	0.559468970343017	-1.95330219936697	-0.00780592619523380	0.000807779956865773	0.0218549643112001	-0.224872277865740	-0.684555488948970	-0.239316422434435	-0.650802497805973	-0.0204630688703307	-0.142560927566927	0.0117356189048441
0.846866924363455	0.188408398602253	-1.66502425452844	-0.00645179891363758	0.00111149441173063	0.0187696698860485	-0.229377810903314	-0.681691007127268	-0.248460071830434	-0.648807200463304	-0.00492027432483003	-0.129453511191651	0.0138449374519650
0.289799953434629	-0.00117336898861317	-1.00698574638849	-0.00552011391366151	0.00117336898861790	0.0140648457763442	-0.232881405844537	-0.679408852030069	-0.255947588166705	-0.647039948308219	-0.0108074151408954	-0.142186505299862	0.0137420565707493
0.00504512513254007	-0.000975040003140218	-0.00795539580110916	-0.00504512513254059	0.000975040003143383	0.00795539580111165	-0.234770887912149	-0.677785512607207	-0.261424296209273	-0.645869000990305	-0.0139521838018579	-0.141487025932576	0.0258416417370967
0.00504348374861240	0.189007506929894	1.28839656128367	-0.00504348374861526	0.000512386084084734	0.000716147990529053	-0.234512712908531	-0.676853634148968	-0.264619636279445	-0.645638748464612	-0.0222760684952532	-0.161023087427267	0.0413283617173443
0.289794514058357	0.560479547234200	2.82540646039926	-0.00551467453739603	-0.000202796934323798	-0.00732964443317168	-0.231667671747586	-0.676589720105533	-0.265355310268214	-0.646639775939455	-0.0133691109864080	-0.164684910317330	0.0395741867325668
0.846856691822193	1.09720939359027	4.53589319637461	-0.00644156637239598	-0.00114267548476023	-0.0158239445451897	-0.225902659817823	-0.676905834979840	-0.263550591639861	-0.649082093809218	-0.0239459562419592	-0.164220897571106	0.0370982783386393
1.65189116002379	1.77573821308625	6.34509382215262	-0.00779108286554248	-0.00226500925399158	-0.0243890418014617	-0.216999657244723	-0.677647684952371	-0.259225486256284	-0.653074965918583	-0.0166722413661655	-0.172564822711869	0.0431444848888099
2.66972482736691	2.56640672229758	8.17393039862240	-0.00951502161854038	-0.00351642880066792	-0.0326434100954090	-0.204862845705570	-0.678600640311991	-0.252502154469621	-0.658616009071881	-0.0261954839333986	-0.165399620088068	0.0479223197202368
3.85588648252553	3.43465362350120	9.94246534980127	-0.0115510422801822	-0.00483695126355972	-0.0402176520643333	-0.189524143516344	-0.679504145242033	-0.243604477417988	-0.665591146429397	-0.0288267760533979	-0.166679586255938	0.0369597957192450
5.15854885619474	4.34252858537006	11.5733944619281	-0.0138238478383060	-0.00616508804088884	-0.0467699869665632	-0.171146575495252	-0.680073679126107	-0.232855050644437	-0.673785697418330	-0.0201977532677614	-0.182590368583234	0.0316507584809236
6.52079187984377	5.25035310431047	12.9954251100484	-0.0162466338500391	-0.00744278188976795	-0.0520008496369023	-0.150024098165939	-0.680028156535033	-0.220668441192266	-0.682905495182779	-0.0458998016029885	-0.154998493015927	0.0174967823032604
7.88308845948711	6.11845615033981	14.1463923105931	-0.0187229758560757	-0.00861944917837460	-0.0556662056901070	-0.126576068692686	-0.679119570308625	-0.207539450824589	-0.692605576363316	-0.0456539523127849	-0.155212434779997	0.0151574984662974
9.18590447447612	6.90890838991965	14.9759765373497	-0.0211494227339893	-0.00965459909356921	-0.0575891248830359	-0.101334684121207	-0.677160995419206	-0.194025495491850	-0.702522864521908	-0.0415079623172689	-0.163380018008751	-0.00104136956624388
10.3722997786987	7.58717909596441	15.4479044290071	-0.0234190924595959	-0.0105188194115712	-0.0576690166046830	-0.0749244704204325	-0.674048962065258	-0.180723008474486	-0.712308581079083	-0.0272120178350905	-0.153885952444912	-0.00970782168986607
11.3904168780852	8.12364352606849	15.5415358804766	-0.0254264632559590	-0.0111932817100191	-0.0558877975414314	-0.0480341189733939	-0.669776782143030	-0.168238826387555	-0.721656069615102	-0.0151578551482964	-0.153132377841213	-0.0127310014599867
12.1957486673041	8.49487532825017	15.2527676671022	-0.0270733007664065	-0.0116682266057958	-0.0523122345804529	-0.0213823378049224	-0.664436649393316	-0.157158546933794	-0.730320426729692	-0.0157063646234123	-0.139284241338672	-0.00335256423219303
12.7530859655278	8.68466804406458	14.5942136153400	-0.0282753130612663	-0.0119410494062361	-0.0470918668485101	0.00431947931457499	-0.658210041651873	-0.148014562449397	-0.738127748069401	-0.0111136373279487	-0.146258740178380	-0.00741475163942676
13.0380592819828	8.68474156862034	13.5946531227941	-0.0289687899952377	-0.0120145739619846	-0.0404522749147570	0.0284043868674491	-0.651347802809758	-0.141256666868070	-0.744973680506170	-0.0396868467671209	-0.148353410620385	0.00424436125923787
13.0382067774841	8.49510300565914	12.2977721047844	-0.0291162854966024	-0.0118959040147597	-0.0326839661792201	0.0502835777391274	-0.644142880221273	-0.137227761739130	-0.750812928150591	-0.0419101140309894	-0.149790650783713	-0.00412318080081520
12.7535210761542	8.12404620926537	10.7602516889396	-0.0287104236876470	-0.0115959649068857	-0.0241276570263120	0.0694741382380395	-0.636899702769593	-0.136146385294385	-0.755642954376840	-0.0455865193454992	-0.153060874912290	-0.00549319770487404
12.1964505250154	7.58778987974233	9.04928871498058	-0.0277751584776909	-0.0111296031894775	-0.0151571189306167	0.0856194779776657	-0.629904424370122	-0.138096817182786	-0.759486003974900	-0.0312336047218278	-0.164588047392527	-0.00256995530780412
11.3913546372193	6.90976976850662	7.23965699309350	-0.0263642223900667	-0.0105159776805179	-0.00616092556527326	0.0985021350591551	-0.623399746016463	-0.143026649047778	-0.762373572284324	-0.0423304235329863	-0.188763136658977	-0.00148978517713044
10.3734376398273	6.11961567331583	5.41043823191204	-0.0245569535881183	-0.00977897215438455	0.00247562744035152	0.108049439962936	-0.617566955299683	-0.150751148913639	-0.764336617824105	-0.0408650497460489	-0.179929258734532	0.0132304067672309
9.18720713442458	5.25185776847737	3.64156574225107	-0.0224520826824101	-0.00894744605664882	0.0103874078913696	0.114332860555501	-0.612516463287447	-0.160963529430235	-0.765403371688678	-0.0510234059383245	-0.191867204816693	0.0151866181874200
7.88452580233305	4.34441874054104	2.01033191721146	-0.0201603187019754	-0.00805524321185274	0.0172444557063714	0.117561794809521	-0.608286751367391	-0.173250260787608	-0.765604858689583	-0.0512926970305211	-0.186795229284543	0.0337872776838371
6.52234191055948	3.43695760769079	0.588011823458286	-0.0177966645656966	-0.00714093545313238	0.0227647640095920	0.118072313504560	-0.604850479280100	-0.187110676422590	-0.764986549729468	-0.0329424910117125	-0.182485478780415	0.0240000066943406
5.16019832813563	2.56913755642068	-0.563249981180924	-0.0154733197791470	-0.00624726292375119	0.0267247241573141	0.116311113628167	-0.602125682051274	-0.201980139867097	-0.763623212690743	-0.0401820786973544	-0.187140609359125	0.00986839047395631
3.85762926058646	1.77889337142598	-1.39315380312269	-0.0132938203410746	-0.00542016759369971	0.0289672385354038	0.112814905908106	-0.599989559234955	-0.217255889519340	-0.761633247884538	-0.0324932607084576	-0.179629942236726	0.000781492473762205
2.67155857629118	1.10077397582022	-1.86544205429795	-0.0113487705427647	-0.00470725771469912	0.0294074897749051	0.108185694510987	-0.598292346754055	-0.232324380317632	-0.759188715425045	-0.0236898856505679	-0.169371748236795	0.00105691184025707
1.65381327875305	0.564432300616975	-1.95948349107361	-0.00971320159476898	-0.00415555031709182	0.0280362560178389	0.103062851631421	-0.596869135281271	-0.246588618305198	-0.756517902818249	-0.0349929750904169	-0.164377087569057	0.00362098430666883
0.848860443832483	0.193328344643843	-1.67117513530529	-0.00844531838266435	-0.00380845162986033	0.0249205506629021	0.0980933861718214	-0.595548198357881	-0.259493800063433	-0.753898533458361	-0.0244410324952909	-0.162874450689988	0.0123297053508166
0.291866068956155	0.00370213911984454	-1.01312221856498	-0.00758622943518603	-0.00370213911984073	0.0202013179528305	0.0939021659760313	-0.594155313278250	-0.270549661093642	-0.751641355840903	-0.0293494151395911	-0.157578445372724	0.0175164666184905
0.00716022728836530	0.00386174434180167	-0.0140879857537469	-0.00716022728836489	-0.00386174434179965	0.0140879857537502	0.0910639349774592	-0.592514548413896	-0.279348353065123	-0.750065575335985	-0.0255753908639057	-0.153573717762371	0.0117949274754408
0.00717528312721548	0.193817812603498	1.28226283784416	-0.00717528312721776	-0.00429791958952095	0.00684987143004649	0.0900787298615852	-0.590446872799781	-0.285577336992688	-0.749469077029632	-0.0302399986118944	-0.151639427791487	0.0173335006390444
0.291903425496281	0.565281181096348	2.81927210285374	-0.00762358597532021	-0.00500443079647418	-0.00119528688765024	0.0913518216029728	-0.587768540701744	-0.289027521039751	-0.750097379899955	-0.0316979403015600	-0.146204505518616	0.0244948656559234
0.848897244936123	1.10202403981686	4.52976437159052	-0.00848211948632546	-0.00595732171135153	-0.00969511976110568	0.0951787453784530	-0.584291381274857	-0.289597465247047	-0.752115613664940	-0.0292247175748576	-0.154976906565738	0.0239961534316267
1.65381344609381	1.78058916172737	6.33898275623444	-0.00971336893556426	-0.00711595789510895	-0.0182779758832812	0.101735514961960	-0.579826823423825	-0.287294733165556	-0.755587503952384	-0.0273500628485747	-0.150575099444163	0.0197973511027908
2.67147607211553	2.57131623426587	8.16785597910336	-0.0112662663671637	-0.00842594076896865	-0.0265689905763719	0.111073867125098	-0.574194743769833	-0.282235309485851	-0.760464478031945	-0.0160737072429673	-0.165918327471966	0.0177922643647338
3.85741287640316	3.43964022783092	9.93645378216870	-0.0130774361578168	-0.00982355559328878	-0.0342060844317599	0.123121367905973	-0.567237165682004	-0.274641479679105	-0.766586710212016	-0.0220564903984261	-0.165215443849195	0.0120588956114999
5.15979775587664	4.34760464911426	11.5674797215340	-0.0150727475202004	-0.0112411517850942	-0.0408552465724949	0.137686349053093	-0.558835652861977	-0.264837863117301	-0.773696380135140	-0.0271633947799075	-0.157668113268316	0.0135289903198077
6.52171441045284	5.25552302336193	12.9896488823617	-0.0171691644591043	-0.0126127009412311	-0.0462246219502528	0.154467774126532	-0.548930162529106	-0.253244654065458	-0.781461789602940	-0.0173126818598920	-0.168969087824014	0.0369767670592243
7.88364241164053	6.12371546808527	14.1408031418761	-0.0192769280094998	-0.0138787669238359	-0.0500770369731411	0.173070101087941	-0.537536380320688	-0.240366794735591	-0.789509457783554	-0.00675415473096998	-0.170743050167586	0.0318785968487310
9.18605723964237	6.91424404911165	14.9706280305416	-0.0213021879002376	-0.0149902582855720	-0.0522406180748826	0.193022917849310	-0.524758336509183	-0.226777935555210	-0.797460098935596	0.00594511360939785	-0.171726927745354	0.0188859769064247