12   -10   8   0.04   -0.02   -0.03   0.6   0.2   -0.1   0.02   0.05   -0.1   -0.15   
6.01387   -4.50223   5.32415   0.0409239   -0.0174427   -0.0371618   0.93004   0.323245   -0.172286   0.0292403   -0.00768007   -0.0418986   -0.0462349   
2.48239   -1.31343   4.52406   0.0405218   -0.0159819   -0.046449   0.922261   0.336565   -0.187803   0.0298085   -0.0526193   -0.00159999   0.01425   
1.41481   0.573675   5.20665   0.0388779   -0.0153684   -0.0569079   0.912895   0.352152   -0.20218   0.0416451   -0.0621851   0.0145857   0.0389331   
1.74449   1.45066   6.70874   0.0357163   -0.0153207   -0.0676027   0.899852   0.373046   -0.21768   0.0609732   -0.0750893   0.0180783   0.0638165   
3.06994   2.50352   8.26828   0.0306817   -0.0163112   -0.0777416   0.88293   0.394072   -0.237117   0.0944271   -0.0985829   0.00857223   0.065684   
4.06952   3.28117   10.1853   0.0237689   -0.0180434   -0.0870286   0.859156   0.420409   -0.254422   0.142749   -0.0977328   0.00163815   0.0612218   
5.27563   4.12932   11.9011   0.0157994   -0.0208585   -0.0950525   0.826151   0.449594   -0.274288   0.200265   -0.0846552   0.0113682   0.0539759   
6.08554   4.98241   13.2429   0.00722145   -0.0260301   -0.100745   0.782006   0.473729   -0.30276   0.269042   -0.0737801   0.026534   0.0610278   
7.31075   5.99247   13.9669   -0.00104583   -0.0335063   -0.103142   0.730723   0.48197   -0.337094   0.346578   -0.0667641   0.0462313   0.0449244   
9.22005   7.07328   14.7835   -0.00996731   -0.0426411   -0.103516   0.663803   0.484697   -0.370272   0.432821   -0.0653057   0.0572388   0.047858   
10.4092   7.76699   15.3905   -0.0176448   -0.0531956   -0.100853   0.591135   0.469093   -0.401905   0.518636   -0.0665293   0.0603214   0.0347436   
11.469   8.02438   15.62   -0.0230933   -0.0645017   -0.0978253   0.506778   0.446264   -0.435922   0.594976   -0.0630207   0.0618365   0.0241742   
12.3175   8.67627   15.4117   -0.0275517   -0.0749609   -0.0924141   0.420472   0.410981   -0.459726   0.665545   -0.0724818   0.0824565   0.0198538   
12.8539   9.02698   14.7206   -0.0301423   -0.0866807   -0.0863292   0.329972   0.361813   -0.482587   0.726168   -0.0790723   0.076713   0.0105167   
13.0776   8.65163   13.5291   -0.0318578   -0.0974624   -0.079848   0.234572   0.307421   -0.497117   0.776752   -0.0808419   0.079629   0.0252498   
12.6195   8.69116   12.2053   -0.0301339   -0.107808   -0.0742439   0.143663   0.239784   -0.513358   0.811374   -0.0676992   0.0913621   0.031409   
12.1874   7.83502   10.8294   -0.0275863   -0.113604   -0.0680466   0.0673178   0.180047   -0.522   0.831004   -0.0870026   0.109965   0.0328433   
12.0409   7.53285   9.3845   -0.0235342   -0.118506   -0.0623285   -0.000642389   0.114302   -0.529991   0.840264   -0.101005   0.104809   0.0580254   
11.3212   7.25808   7.56666   -0.0206632   -0.119193   -0.0550661   -0.0551576   0.0651006   -0.526857   0.84566   -0.092655   0.104891   0.0802578   
10.1943   6.27045   4.93208   -0.0170333   -0.118749   -0.0490802   -0.101549   0.0167239   -0.526233   0.84409   -0.0994314   0.0978153   0.084361   
8.74649   5.54625   3.42939   -0.0156219   -0.119503   -0.0408332   -0.144892   -0.0357494   -0.508635   0.847949   -0.0881837   0.0795499   0.0734531   
7.54557   4.22418   1.89598   -0.0153206   -0.11692   -0.0313615   -0.174748   -0.071348   -0.486343   0.853137   -0.0679785   0.0752646   0.0734219   
6.25266   3.60129   0.538388   -0.0153432   -0.113526   -0.0247008   -0.208518   -0.100068   -0.469901   0.85188   -0.0705047   0.0873089   0.0720187   
4.82089   2.48423   -0.858873   -0.0169624   -0.10821   -0.017188   -0.233097   -0.114139   -0.4489   0.85506   -0.0695554   0.0851179   0.0669957   
3.59782   2.18766   -1.37884   -0.0181635   -0.104095   -0.0129052   -0.261965   -0.13158   -0.431788   0.853006   -0.0665955   0.0769278   0.0739034   
2.3793   1.06716   -2.16049   -0.0198937   -0.0989919   -0.00944135   -0.285336   -0.141354   -0.411065   0.854183   -0.0575144   0.0733977   0.0599925   
1.56815   0.436101   -2.05198   -0.0182363   -0.0933421   -0.0094851   -0.290284   -0.15625   -0.398414   0.855913   -0.0623218   0.0652682   0.0494863   
1.15809   0.385887   -1.90954   -0.0202288   -0.0866049   -0.00959892   -0.304325   -0.152787   -0.382904   0.858736   -0.062108   0.0655295   0.0455194   
-0.0302601   0.0411282   -1.03215   -0.0197258   -0.0791268   -0.0123349   -0.304068   -0.146046   -0.37395   0.86393   -0.0550911   0.042398   0.0308227   
-0.630972   0.0176609   -0.393251   -0.0194301   -0.073806   -0.0169943   -0.309013   -0.146946   -0.365752   0.865531   -0.045871   0.0378915   0.0340703   
0.185508   0.24877   1.33796   -0.0184206   -0.0680222   -0.0242331   -0.308743   -0.144205   -0.365926   0.866014   -0.0499191   0.0432578   0.0207596   
0.391772   0.522001   2.94776   -0.0177853   -0.0636481   -0.0328933   -0.311979   -0.14509   -0.369327   0.863259   -0.0546254   0.0467577   0.0174129   
0.858229   0.895202   4.24031   -0.0189788   -0.0586674   -0.0411101   -0.318342   -0.133808   -0.374207   0.860653   -0.0510219   0.0291356   0.0172196   
1.83588   1.85598   6.08869   -0.0170585   -0.0549186   -0.0523355   -0.31622   -0.135834   -0.39336   0.852539   -0.0401367   0.0364955   0.0136554   
2.32922   2.45998   8.04711   -0.0139438   -0.0504718   -0.0617871   -0.300785   -0.137105   -0.409771   0.850187   -0.0416716   0.0445364   0.0147715   
3.65745   3.47144   9.97583   -0.0131382   -0.0475108   -0.0689242   -0.295061   -0.139509   -0.420041   0.846783   -0.0309781   0.0274452   0.0130736   
5.30481   4.80253   11.5742   -0.0127105   -0.04451   -0.0765273   -0.289114   -0.141481   -0.441273   0.83766   -0.0379415   -0.0088713   -0.00571663   
6.47115   5.54311   12.7617   -0.0141039   -0.0422415   -0.0805855   -0.291703   -0.142042   -0.45469   0.829452   -0.0389076   -0.027281   -0.0153567   
7.69228   6.00271   14.0746   -0.0134813   -0.0394212   -0.0859075   -0.286771   -0.148985   -0.484216   0.813081   -0.0433893   -0.0244169   -0.0277839   
8.69089   6.74685   14.9637   -0.015541   -0.0363846   -0.0870994   -0.292317   -0.146113   -0.51018   0.795562   -0.038499   -0.0165295   -0.0206892   
10.4405   7.79054   15.7082   -0.0160626   -0.0338381   -0.0872892   -0.292278   -0.151607   -0.538747   0.775462   -0.0321592   -0.0257644   -0.0197799   
11.6596   8.22572   15.4859   -0.0181513   -0.0300625   -0.0825273   -0.295088   -0.145684   -0.559025   0.761045   -0.0328199   -0.0159968   -0.0101614   
11.9609   8.54869   15.449   -0.0209805   -0.0271785   -0.0760992   -0.302746   -0.138672   -0.58125   0.742471   -0.0421463   -0.0365111   -0.0332037   
12.4818   9.08957   14.918   -0.0227818   -0.0257068   -0.0674573   -0.314421   -0.137907   -0.598173   0.724093   -0.0269421   -0.0435511   -0.0234747   
12.9815   8.81523   13.7613   -0.0255051   -0.0232188   -0.0556666   -0.327683   -0.125189   -0.61175   0.709023   -0.0249241   -0.0486337   -0.0240943   
13.2033   8.64044   11.8704   -0.0275171   -0.020794   -0.0420703   -0.340854   -0.111498   -0.620473   0.697424   -0.0180147   -0.0512076   -0.020419   
12.7103   8.08316   10.2058   -0.0295872   -0.0184492   -0.0271842   -0.356669   -0.0933696   -0.625451   0.687663   -0.028205   -0.0523355   -0.018049   
12.2153   7.28921   8.97465   -0.028796   -0.0148492   -0.0128915   -0.357666   -0.0787842   -0.63036   0.684481   -0.0347825   -0.0683152   -0.0213909   
11.4052   6.91764   7.12047   -0.0277643   -0.0151566   -0.000446127   -0.377523   -0.0752137   -0.627295   0.676993   -0.0162401   -0.0691602   -0.025768   
10.4304   6.54476   5.33556   -0.0236545   -0.0145828   0.00885896   -0.383572   -0.0831669   -0.626868   0.673047   -0.00927484   -0.06578   -0.0316583   
9.24349   5.29167   3.69568   -0.0222886   -0.0138362   0.0206024   -0.400321   -0.0730145   -0.614833   0.675568   -0.00972256   -0.0496693   -0.0462215   
8.10896   4.59276   2.18856   -0.0205595   -0.0130098   0.0319267   -0.415488   -0.0595184   -0.596134   0.684435   0.00658326   -0.0662854   -0.0366261   
6.9253   3.70006   0.71521   -0.0178626   -0.0106304   0.0403514   -0.418842   -0.0445963   -0.582715   0.695001   0.005334   -0.0786809   -0.0322266   
5.19691   2.49954   -0.368212   -0.0145079   -0.0107632   0.0430286   -0.427368   -0.0464838   -0.570899   0.699478   -0.00566307   -0.0770931   -0.0363627   
3.67774   1.65947   -1.57737   -0.0116075   -0.00878296   0.0454895   -0.427504   -0.035148   -0.559229   0.709414   -0.000363486   -0.090422   -0.0454352   
2.73495   0.890074   -1.95465   -0.00930983   -0.00652997   0.0466013   -0.426235   -0.0196239   -0.542968   0.723273   -0.00575452   -0.081746   -0.0690343   
1.05853   0.348819   -1.59287   -0.00771869   -0.00657728   0.0429946   -0.432862   -0.0162795   -0.531198   0.728144   -0.014293   -0.0795006   -0.0546447   
0.903969   0.315848   -1.67688   -0.0068562   -0.00700201   0.0370977   -0.441289   -0.014181   -0.520006   0.731202   -0.0223366   -0.0683109   -0.0454596   
0.18878   0.420629   -0.617692   -0.00484032   -0.00610382   0.0300707   -0.437819   -0.0103538   -0.51285   0.738371   -0.0125508   -0.0641279   -0.0142396   
-0.35337   -0.0144535   0.191869   -0.00576425   -0.00565981   0.0215721   -0.444977   0.000721768   -0.505697   0.739098   -0.014398   -0.0645752   -0.0189053   
-0.339642   -0.287974   1.40373   -0.00560224   -0.00785856   0.0101016   -0.453692   -0.00875101   -0.499915   0.73768   -0.0100745   -0.0614003   -0.0222651   
0.146066   0.615521   3.09867   -0.00664254   -0.00824867   -0.00114994   -0.458609   -0.00618607   -0.5012   0.733783   -0.014248   -0.0877164   -0.00479957   
0.797765   1.18639   5.12158   -0.0079977   -0.00797051   -0.0133359   -0.461517   -0.00340481   -0.51119   0.725034   -0.0075786   -0.100137   0.023915   
1.29161   1.70676   6.72475   -0.0088913   -0.00885869   -0.0245418   -0.465021   -0.00687382   -0.514667   0.720296   0.00155813   -0.0954947   0.0100525   
2.48125   2.45453   8.42416   -0.0106318   -0.010794   -0.036735   -0.473754   -0.0182033   -0.526647   0.705598   0.00890668   -0.10538   0.0110254   
3.61789   3.41037   9.99981   -0.0131769   -0.0123788   -0.0475849   -0.484691   -0.0284253   -0.541258   0.686518   0.00818406   -0.0998637   0.0213793   
5.03993   4.49457   11.5589   -0.0153273   -0.0131392   -0.055256   -0.490884   -0.0335807   -0.552833   0.672518   0.0136491   -0.104557   0.0212945   
6.24886   5.38733   12.7755   -0.0175726   -0.0137742   -0.0617134   -0.4965   -0.0423166   -0.569041   0.654132   0.00405773   -0.110081   0.0274403   
8.22601   6.00711   14.1401   -0.0195834   -0.0153475   -0.0663182   -0.505036   -0.0561766   -0.584442   0.632621   0.0157494   -0.133328   0.0367596   
9.11838   6.96232   15.1307   -0.0228924   -0.0150095   -0.0685528   -0.51281   -0.0596911   -0.605656   0.605511   0.0102769   -0.137164   0.030469   
10.392   8.03189   15.5578   -0.02376   -0.0163154   -0.0680651   -0.520231   -0.0771995   -0.617541   0.584844   0.0157767   -0.136904   0.0394721   
11.2949   8.3488   15.6782   -0.0247562   -0.0178807   -0.064634   -0.531876   -0.0903622   -0.623729   0.565601   0.0284319   -0.138978   0.0127068   
12.1279   8.9033   15.3447   -0.0261305   -0.0180615   -0.058801   -0.541989   -0.0982535   -0.632259   0.544832   0.0197228   -0.13113   0.00250932   
12.7899   8.58182   14.7647   -0.0279119   -0.0175727   -0.0515493   -0.551048   -0.100865   -0.646213   0.518248   0.0267377   -0.141914   -0.00690048   
13.0029   8.64395   13.6422   -0.0274546   -0.017974   -0.0445692   -0.559203   -0.116237   -0.656823   0.492305   0.0236701   -0.149057   -0.0171423   
13.0088   8.33423   12.7472   -0.0268954   -0.0197011   -0.0370675   -0.57552   -0.133704   -0.660458   0.463352   0.00494604   -0.143894   -0.0345051   
12.9508   8.42921   10.9217   -0.0264542   -0.0192314   -0.0247274   -0.587123   -0.133861   -0.659872   0.449373   0.00477144   -0.152977   -0.0196049   
12.5579   7.69122   9.25822   -0.02588   -0.0187343   -0.0128696   -0.600005   -0.131377   -0.659505   0.433344   0.00487818   -0.148119   -0.0182983   
11.5175   6.94766   7.31325   -0.0243949   -0.017312   -0.00219578   -0.607161   -0.129093   -0.663159   0.418223   0.00762638   -0.140801   -0.023586   
10.2051   6.34046   5.52414   -0.0216575   -0.0172243   0.00634354   -0.616803   -0.134536   -0.661215   0.405275   0.00153082   -0.145967   -0.0343734   
9.0813   5.19552   4.24239   -0.0170207   -0.0173465   0.0160137   -0.626656   -0.139211   -0.645548   0.413751   0.000338685   -0.150946   -0.0404582   
8.25661   4.5324   2.06519   -0.0135156   -0.0149001   0.0251565   -0.627185   -0.130616   -0.641254   0.42234   0.0127091   -0.160617   -0.0542941   
6.37748   3.70822   0.185555   -0.0105521   -0.0131807   0.0341462   -0.631413   -0.116266   -0.628497   0.43908   -0.00358105   -0.173148   -0.051523   
4.88318   2.90292   -0.732127   -0.00974877   -0.0120225   0.0397718   -0.64176   -0.0970778   -0.619877   0.44099   0.0066485   -0.171182   -0.0304271   
3.34925   2.016   -1.12005   -0.00803222   -0.011116   0.0434398   -0.649293   -0.0794425   -0.606798   0.451556   0.00754645   -0.181249   -0.0199202   
2.13114   1.10557   -1.48887   -0.00686559   -0.0105643   0.0438507   -0.657273   -0.0636046   -0.594817   0.458411   0.00686423   -0.189879   -0.00634303   
1.08606   0.492226   -2.04069   -0.00722401   -0.0112856   0.0414027   -0.672846   -0.0482118   -0.578611   0.458435   0.00908723   -0.179218   0.00767145   
0.839478   0.0458623   -1.6187   -0.00568989   -0.0110117   0.03668   -0.677639   -0.0399538   -0.565616   0.468282   0.00450316   -0.158789   0.010377   
0.210462   0.0593943   -0.858709   -0.00433092   -0.0108918   0.02925   -0.679578   -0.036432   -0.558304   0.474492   -0.00335846   -0.167479   0.0292841   
0.0767191   -0.279213   -0.0230054   -0.0044646   -0.0114958   0.0191111   -0.687088   -0.0356271   -0.552577   0.470425   0.0108587   -0.157687   0.0312593   
0.00160646   0.192493   1.14135   -0.00587439   -0.0117225   0.0105905   -0.694239   -0.022692   -0.543276   0.471559   0.00287182   -0.166816   0.0379515   
0.348653   0.635842   2.63391   -0.00597965   -0.0129993   -0.00221395   -0.698593   -0.0320597   -0.541751   0.466311   -0.0189436   -0.181595   0.0227265   
0.877882   1.29689   4.65667   -0.00629892   -0.0139916   -0.0142879   -0.702363   -0.0413031   -0.540799   0.460995   -0.0253885   -0.174531   0.0398343   
1.7749   1.91081   6.48725   -0.00803511   -0.0154285   -0.025686   -0.710139   -0.0477381   -0.538708   0.450796   -0.0362702   -0.176093   0.0446811   
3.10234   2.70673   8.27248   -0.00773772   -0.0166314   -0.0374496   -0.711294   -0.0656707   -0.540526   0.444501   -0.0268636   -0.172104   0.0185064   
4.13479   3.83099   9.82655   -0.00775512   -0.0161869   -0.0481849   -0.706226   -0.0843739   -0.55225   0.434909   -0.0240068   -0.174087   0.0327239   
4.93412   4.51008   11.4886   -0.0109378   -0.0166467   -0.0580129   -0.710218   -0.0997622   -0.565261   0.407575   -0.0301451   -0.196651   0.0374677   
6.58751   5.26585   12.8605   -0.0131533   -0.0189482   -0.0641175   -0.721126   -0.116674   -0.563021   0.386487   -0.0178046   -0.181737   0.0501541   
7.88922   5.89952   13.9946   -0.0154712   -0.0193167   -0.0668321   -0.726095   -0.12473   -0.565816   0.370244   -0.014817   -0.18222   0.0506142   
9.32242   7.19209   14.9782   -0.0165206   -0.0193761   -0.0703583   -0.725574   -0.14915   -0.575783   0.34608   -0.00504059   -0.187572   0.0499648   
10.8566   7.53015   15.5698   -0.0171733   -0.0190962   -0.071395   -0.723889   -0.174832   -0.583772   0.323463   -0.010067   -0.192146   0.0482222   
11.6098   8.17993   15.5744   -0.0196776   -0.018435   -0.0679418   -0.726301   -0.185253   -0.591046   0.298048   -0.00841843   -0.194632   0.0517439   
12.3687   8.38083   15.375   -0.0219933   -0.0193999   -0.0619354   -0.736529   -0.193533   -0.58841   0.271743   -0.0159456   -0.186012   0.044851   
12.9752   8.6559   14.2317   -0.0241229   -0.0193748   -0.0531424   -0.743941   -0.196991   -0.588097   0.248776   -0.0312132   -0.195957   0.0557699   
13.4041   8.73387   13.6184   -0.0235136   -0.0208185   -0.046171   -0.752936   -0.216302   -0.580547   0.221961   -0.0177988   -0.185909   0.0583226   
12.7959   8.26441   12.1406   -0.0235604   -0.0196485   -0.0363775   -0.754492   -0.224431   -0.583721   0.199103   -0.0136052   -0.186301   0.0621232   
12.5607   8.1737   10.6519   -0.0229735   -0.0185647   -0.0245696   -0.757741   -0.225335   -0.584203   0.183739   0.000741597   -0.19854   0.0565183   
12.2856   7.78701   9.38425   -0.0225872   -0.0183868   -0.0123249   -0.765983   -0.220683   -0.580338   0.166662   0.0125047   -0.207951   0.0532326   
11.167   6.87806   7.23862   -0.0207503   -0.0192756   -0.00422071   -0.774658   -0.230426   -0.571716   0.141244   0.0219406   -0.198116   0.0597332   
10.0624   5.8684   5.79048   -0.0195922   -0.0180073   0.00724705   -0.780643   -0.219768   -0.569996   0.131917   0.00548687   -0.198107   0.0326577   
9.21097   4.89417   3.83228   -0.0180945   -0.0170183   0.0163342   -0.785699   -0.211622   -0.569002   0.118869   0.0180376   -0.209482   0.0222222   
8.16561   4.2681   1.92514   -0.0145316   -0.0166449   0.0210215   -0.790402   -0.218538   -0.562003   0.107969   0.0262943   -0.201138   0.0279291   
6.71445   3.38125   0.609075   -0.0128013   -0.0146165   0.0302089   -0.797259   -0.195994   -0.559512   0.113622   0.0298227   -0.192446   0.0426072   
5.19573   2.8191   -0.537989   -0.011232   -0.0137495   0.0348352   -0.804612   -0.180052   -0.554546   0.112516   0.0214392   -0.185369   0.0424585   
3.86328   1.58918   -1.07629   -0.0080873   -0.0127328   0.037134   -0.810144   -0.169293   -0.54779   0.122198   0.0174142   -0.184743   0.0572499   
2.7749   1.10727   -1.67635   -0.00600781   -0.0137692   0.0341851   -0.8195   -0.167568   -0.535151   0.118128   0.00987816   -0.179072   0.0575441   
1.68758   0.249339   -1.9622   -0.00585166   -0.0136822   0.0314411   -0.827235   -0.151622   -0.528683   0.114833   0.00846945   -0.179092   0.0404588   
1.07129   0.206324   -1.6779   -0.0028708   -0.0133351   0.025666   -0.830974   -0.15143   -0.520513   0.124969   0.0106516   -0.160009   0.0384504   
0.161626   0.295602   -0.989074   -0.00134748   -0.013846   0.0188899   -0.837463   -0.145632   -0.510088   0.131368   0.0265751   -0.157153   0.0322949   
0.0667701   0.0988433   0.327392   0.000938126   -0.0149424   0.00698187   -0.839956   -0.163401   -0.500379   0.131892   0.00880867   -0.151173   0.0155335   
0.0533845   0.335342   1.72578   -0.000222851   -0.0157979   -0.00179479   -0.846879   -0.155358   -0.491857   0.129367   0.00215075   -0.155378   0.0102457   
0.307833   0.574493   3.01713   -0.000603566   -0.0152534   -0.0101902   -0.848289   -0.147621   -0.490036   0.135937   -0.0047824   -0.161438   0.0189989   
0.808361   1.17965   4.3476   0.00052281   -0.0154092   -0.0238582   -0.845476   -0.171584   -0.48787   0.133086   -0.0168667   -0.144592   0.0154191   
1.57527   1.7527   6.40525   -0.00130744   -0.0152511   -0.0353982   -0.843695   -0.181964   -0.490333   0.120998   -0.0234432   -0.147835   0.0268326   
2.42792   2.80988   8.11606   -0.00366104   -0.0155962   -0.045538   -0.843707   -0.189799   -0.490483   0.107522   -0.0232986   -0.147195   0.0267614   
3.59234   3.51278   10.1267   -0.00505884   -0.0152356   -0.053806   -0.840515   -0.199246   -0.493269   0.102575   -0.0273317   -0.160382   0.0194768   
5.07303   4.16542   11.7414   -0.00573634   -0.0163708   -0.0635242   -0.837994   -0.226997   -0.48861   0.0865917   -0.00796811   -0.157396   0.0145965   
6.47427   4.98043   13.1134   -0.00781195   -0.0172429   -0.0692923   -0.838047   -0.243478   -0.483155   0.0704087   -0.0179025   -0.149493   0.0164863   
8.05908   6.3085   14.0122   -0.0102996   -0.0177168   -0.0744216   -0.83422   -0.266876   -0.480443   0.0450514   -0.0141535   -0.144633   0.0223946   
9.38202   6.80577   14.5845   -0.0116437   -0.0169953   -0.0770165   -0.827029   -0.293568   -0.478616   0.0277049   -0.0332904   -0.13902   0.0270225   
10.4535   7.39037   15.368   -0.0146037   -0.0170369   -0.0758422   -0.824057   -0.30811   -0.475384   0.00288488   -0.0456873   -0.127859   0.0251103   
11.5344   8.20658   15.662   -0.0158962   -0.0161698   -0.0748625   -0.813025   -0.339329   -0.472636   -0.0214709   -0.0609969   -0.135661   0.034114   
12.5012   8.56636   15.225   -0.0169906   -0.014339   -0.0711533   -0.799085   -0.367275   -0.473861   -0.0450353   -0.0498   -0.124987   0.0382104   
12.7715   8.55028   14.853   -0.019561   -0.0161244   -0.0651042   -0.794565   -0.383805   -0.462974   -0.0837542   -0.041291   -0.139528   0.0357268   
13.2294   8.19976   14.0512   -0.0203159   -0.0164343   -0.0578765   -0.786395   -0.403167   -0.453699   -0.114871   -0.0349521   -0.13642   0.0357413   
13.3566   8.44977   12.3175   -0.0204013   -0.0152816   -0.0491115   -0.775237   -0.42128   -0.4492   -0.140534   -0.0346896   -0.123507   0.0328092   
13.2651   8.39666   10.9433   -0.0194089   -0.0146619   -0.0400038   -0.767058   -0.439763   -0.437542   -0.163667   -0.0522127   -0.111068   0.0564451   
12.0357   7.62188   9.20358   -0.0173931   -0.0144776   -0.0299213   -0.763064   -0.452414   -0.42476   -0.180648   -0.047978   -0.119381   0.0674072   
11.4258   7.0857   7.42836   -0.0153121   -0.0128306   -0.0172452   -0.763266   -0.453258   -0.421728   -0.184735   -0.0581575   -0.128745   0.059071   
10.2732   6.01977   5.49965   -0.0119954   -0.0111423   -0.00581718   -0.765916   -0.453128   -0.417358   -0.184011   -0.0502184   -0.111285   0.0364672   
9.32334   5.19995   3.88968   -0.0108362   -0.00805724   0.00517282   -0.759179   -0.45205   -0.428136   -0.18973   -0.0370652   -0.119671   0.0543502   
8.13877   4.29078   2.24319   -0.00719107   -0.00752907   0.0126555   -0.762902   -0.452425   -0.4206   -0.190755   -0.028357   -0.125823   0.0652389   
6.82125   3.5001   0.94323   -0.00573583   -0.00718526   0.0215172   -0.772373   -0.43351   -0.422294   -0.192812   -0.0199223   -0.121407   0.0705101   
5.37205   2.58923   -0.667269   -0.00424887   -0.00726279   0.0258645   -0.77796   -0.420852   -0.42186   -0.199239   -0.00991866   -0.118104   0.0513141   
3.90899   1.52246   -1.66969   0.0009363   -0.00645131   0.0286195   -0.79075   -0.414024   -0.413477   -0.179821   -0.00300806   -0.105322   0.0549755   
2.73258   0.635285   -1.98037   0.00171718   -0.00571387   0.030316   -0.797979   -0.395323   -0.419736   -0.175417   -0.00929284   -0.116525   0.0449438   
1.39724   0.222076   -1.85477   0.00211606   -0.00664975   0.0271309   -0.804128   -0.383449   -0.416175   -0.182057   0.000826887   -0.115547   0.044835   
0.645243   0.37637   -1.64091   0.0044375   -0.0066083   0.0223396   -0.810282   -0.379038   -0.412264   -0.17266   -0.00375645   -0.133893   0.0563766   
-0.2259   -0.0929033   -0.906135   0.00333938   -0.00700557   0.014683   -0.811247   -0.37157   -0.412695   -0.183023   0.0112163   -0.126421   0.0428013   
-0.486998   -0.0949451   -0.0613818   0.00338357   -0.0060297   0.00631935   -0.810248   -0.369329   -0.417239   -0.181672   0.0282283   -0.119947   0.0453   
-0.269515   0.54665   1.30415   0.00320765   -0.00711968   -0.00540464   -0.808844   -0.377357   -0.409737   -0.188386   0.016648   -0.126683   0.0459861   
0.1879   0.611324   2.92377   0.00280922   -0.00776141   -0.0170927   -0.806202   -0.385958   -0.404898   -0.192695   0.0133288   -0.138678   0.0432196   
0.937759   1.56872   4.57187   0.00198519   -0.00855804   -0.0281753   -0.805072   -0.392309   -0.399113   -0.196628   0.00709059   -0.131673   0.0348729   
1.37631   1.87151   6.24232   2.93798e-05   -0.0111661   -0.0409422   -0.801196   -0.405707   -0.383186   -0.215999   -0.000201895   -0.12184   0.0341423   
2.68658   2.66468   8.20296   0.000209402   -0.0106411   -0.0516733   -0.794076   -0.425915   -0.376972   -0.214316   -0.0062823   -0.111096   0.032219   
4.13476   3.29393   10.0582   -0.00277932   -0.0106821   -0.0609429   -0.783092   -0.43887   -0.376338   -0.229192   0.00646374   -0.111176   0.0276815   
5.54544   4.37391   11.7382   -0.00414703   -0.0112901   -0.0699368   -0.771172   -0.463032   -0.364226   -0.24132   0.00373682   -0.116376   0.0373484   
6.92029   5.1756   13.2839   -0.00744228   -0.0104181   -0.0779034   -0.748264   -0.491313   -0.361375   -0.260998   -0.00260822   -0.130704   0.0330395   
8.13881   6.25231   14.2315   -0.00916597   -0.0100199   -0.0817844   -0.734304   -0.513985   -0.350654   -0.271401   -0.0305891   -0.122476   0.0409114   
9.80541   7.04065   14.9857   -0.0120248   -0.0106744   -0.084164   -0.716231   -0.535077   -0.337396   -0.294736   -0.033395   -0.109026   0.0473417   
10.5319   7.7887   15.4205   -0.0148205   -0.0119972   -0.084663   -0.695685   -0.556173   -0.321031   -0.32192   -0.0268477   -0.121146   0.0453951   
11.6378   7.90847   15.6213   -0.0174962   -0.0113912   -0.0826997   -0.668804   -0.580085   -0.312087   -0.34468   -0.0164806   -0.127278   0.0413689   
12.6381   8.70707   15.6269   -0.0193626   -0.0086929   -0.0769435   -0.644019   -0.603598   -0.309055   -0.354111   -0.0287336   -0.137821   0.0494576   
12.9693   8.55584   14.8275   -0.0179048   -0.0100154   -0.0711501   -0.631893   -0.621629   -0.279668   -0.368882   -0.0265731   -0.149404   0.0448294   
13.2375   8.27846   13.719   -0.0194571   -0.00987418   -0.0616128   -0.614978   -0.630338   -0.270749   -0.388808   -0.0499564   -0.150955   0.0357897   
13.3614   8.48322   12.417   -0.0209614   -0.00808685   -0.0507579   -0.591225   -0.642708   -0.271276   -0.404709   -0.0412309   -0.148327   0.029388   
12.7157   8.21305   10.7211   -0.0236476   -0.00885726   -0.0370987   -0.57456   -0.636909   -0.27702   -0.432999   -0.0238491   -0.14322   0.0365988   
12.3934   7.53018   9.31853   -0.0219576   -0.00944549   -0.0253124   -0.568574   -0.636231   -0.266968   -0.447953   -0.027469   -0.148902   0.0314011   
11.2485   6.70422   7.35785   -0.0205781   -0.0077974   -0.0133038   -0.557347   -0.640232   -0.267267   -0.456108   -0.0283985   -0.153902   0.0441777   
10.0771   5.98919   5.26856   -0.0198046   -0.00652777   -2.13764e-05   -0.552814   -0.634103   -0.277528   -0.463993   -0.0269887   -0.162277   0.0474244   
9.23463   5.36131   3.39323   -0.0167198   -0.00508023   0.0109307   -0.555904   -0.629765   -0.281957   -0.463538   -0.0270805   -0.162084   0.019188   
7.66791   4.06334   1.81467   -0.0131997   -0.00394027   0.0182626   -0.555112   -0.630129   -0.279762   -0.465318   -0.0291019   -0.15684   0.0266116   
6.09974   3.18967   0.356089   -0.0107642   -0.00245455   0.0261667   -0.559871   -0.622507   -0.290762   -0.463127   -0.0278214   -0.163414   0.0118746   
5.30228   2.50485   -0.487537   -0.00677579   -9.7673e-05   0.030429   -0.563021   -0.62498   -0.295862   -0.452629   -0.0159643   -0.180307   0.0175257   
4.00473   1.97793   -1.44772   -0.00520675   -0.00164719   0.0324398   -0.570839   -0.608377   -0.299542   -0.46292   0.00287093   -0.173355   0.0141959   
2.7891   1.1102   -2.21615   -0.00195814   -0.00167027   0.0304965   -0.577306   -0.605848   -0.295267   -0.460959   -0.00963614   -0.165915   0.0109347   
1.88694   0.645239   -1.94058   -0.00113478   -0.00215958   0.0295994   -0.588466   -0.588827   -0.305805   -0.462033   -0.000522473   -0.173252   0.00935308   
0.933024   0.314806   -1.62968   7.69036e-05   -0.00108653   0.023814   -0.586953   -0.59019   -0.311247   -0.458571   0.000379964   -0.184876   0.019302   
0.271867   0.251751   -0.92708   0.00247163   -0.000668934   0.0157539   -0.589728   -0.594763   -0.30753   -0.451557   0.00729089   -0.193631   0.0291217   
-0.225014   0.120799   -0.0374916   0.00327567   -0.00209514   0.00754916   -0.598571   -0.587828   -0.304199   -0.451258   -0.000209767   -0.198108   0.0217907   
-0.043836   0.431824   1.00542   0.00148196   -0.00200128   -0.00117655   -0.596883   -0.582868   -0.314745   -0.452693   -0.00882334   -0.213775   0.0233615   
0.216092   0.155797   3.14183   -0.000446083   -0.00280154   -0.0109845   -0.595276   -0.576849   -0.320534   -0.45842   0.0023683   -0.209545   0.0125639   
0.878351   0.961552   4.95662   -0.000561389   -0.00385502   -0.0236889   -0.588709   -0.586369   -0.30958   -0.462335   0.00760556   -0.215801   0.0114714   
1.82276   1.38656   6.21422   -0.00179213   -0.00361335   -0.0375579   -0.569004   -0.606671   -0.299393   -0.467492   0.000230402   -0.227143   0.0145992   
2.46959   2.36894   8.66791   -0.00301658   -0.0042096   -0.0475728   -0.56119   -0.616288   -0.291812   -0.469148   -0.0162473   -0.243934   0.0180117   
3.80163   3.60294   10.1272   -0.00492051   -0.00541348   -0.0589112   -0.541601   -0.632423   -0.27448   -0.48101   -0.0286579   -0.244822   0.0245544   
5.12595   4.46436   11.5057   -0.00595151   -0.00495016   -0.0674965   -0.525285   -0.651361   -0.260089   -0.481828   -0.0414789   -0.240739   0.00721274   
6.39274   5.34604   13.1567   -0.00919234   -0.00668683   -0.0751115   -0.49962   -0.663679   -0.243236   -0.500746   -0.0423786   -0.24156   -0.0140611   
7.71515   6.05241   13.9937   -0.0124215   -0.00772494   -0.0798842   -0.47219   -0.676542   -0.226519   -0.517703   -0.053904   -0.243076   0.00120728   
9.46402   6.90782   14.9543   -0.0157978   -0.00853257   -0.082258   -0.441603   -0.687957   -0.211583   -0.535662   -0.0574091   -0.238525   -0.0017034   
10.2781   7.5615   15.7702   -0.0191389   -0.00865338   -0.0815978   -0.40931   -0.699879   -0.199429   -0.55033   -0.052522   -0.249067   0.0131794   
11.1675   8.12526   15.6027   -0.0210336   -0.00914354   -0.0794329   -0.377564   -0.711069   -0.180281   -0.565089   -0.0402183   -0.248372   0.0149644   
12.5394   8.64147   15.1785   -0.0240538   -0.00833612   -0.0740768   -0.341606   -0.721496   -0.171538   -0.577342   -0.04052   -0.238227   0.0122646   
13.0477   8.77611   14.7292   -0.024786   -0.00692078   -0.0662197   -0.316482   -0.731264   -0.159014   -0.582929   -0.0454916   -0.217168   0.00595828   
12.9692   8.50639   13.6099   -0.0273894   -0.00657011   -0.0572607   -0.278662   -0.736671   -0.153408   -0.596766   -0.0468981   -0.203282   0.00546172   
12.988   8.37076   12.6748   -0.0269464   -0.00555331   -0.0453201   -0.261708   -0.740375   -0.146812   -0.601499   -0.0417485   -0.197799   0.00837188   
12.9521   8.23011   10.9888   -0.0282311   -0.0065195   -0.0329406   -0.238014   -0.734334   -0.149219   -0.61793   -0.0566857   -0.191774   -0.0012761   
12.6578   7.40047   9.06274   -0.027985   -0.00701943   -0.0200822   -0.221248   -0.72807   -0.152515   -0.630637   -0.0515455   -0.190432   0.000471602   
11.3689   6.80099   7.36238   -0.0270317   -0.00778568   -0.00728969   -0.210173   -0.718387   -0.16047   -0.643426   -0.036382   -0.185983   -0.0135806   
10.3766   5.9003   5.50049   -0.0247666   -0.00739535   0.004192   -0.203481   -0.712687   -0.165137   -0.650694   -0.0298337   -0.179722   -0.0101726   
9.13343   5.05088   3.66587   -0.022805   -0.00563011   0.0149585   -0.196657   -0.712007   -0.175656   -0.650782   -0.0339942   -0.179504   -0.0107103   
8.27734   4.26468   2.04603   -0.0195774   -0.00494227   0.0223122   -0.192855   -0.708397   -0.179636   -0.65476   -0.0185743   -0.166563   -0.0257459   
6.57594   3.60522   0.841288   -0.0170929   -0.00406301   0.0291705   -0.193146   -0.703496   -0.191808   -0.656504   -0.00974067   -0.160163   -0.0326813   
5.24549   2.74521   -0.258795   -0.0141602   -0.00308118   0.034561   -0.201025   -0.6987   -0.204495   -0.655431   -0.0105909   -0.164816   -0.0203348   
4.12753   1.98411   -1.28335   -0.0120988   -0.00109593   0.0379828   -0.206343   -0.698458   -0.221503   -0.648471   -0.0235173   -0.171659   -0.0066095   
2.56031   1.11448   -1.79131   -0.0103782   0.000536897   0.0390436   -0.212528   -0.695623   -0.240908   -0.642576   -0.00377972   -0.157859   -0.000749456   
1.67275   0.538348   -1.59285   -0.00946078   0.00139896   0.036565   -0.214209   -0.692071   -0.257516   -0.639404   -0.000431933   -0.150937   -0.000303262   
0.781816   0.0893694   -1.67163   -0.00660266   0.00358878   0.0319563   -0.224402   -0.698191   -0.264703   -0.626184   -0.0119512   -0.135621   -0.00656797   
0.118907   -0.247677   -1.13573   -0.00457754   0.00178201   0.0242465   -0.235741   -0.690674   -0.265524   -0.629994   -0.016376   -0.138044   -0.00880945   
0.148354   -0.367168   -0.185448   -0.00399594   0.00130491   0.0163748   -0.242607   -0.686417   -0.274101   -0.628365   -0.00379444   -0.136895   0.00951503   
0.0387291   -0.112634   1.28404   -0.0025762   0.000150503   0.00699946   -0.253918   -0.684908   -0.272733   -0.626134   -0.0254695   -0.160138   0.0312356   
0.667289   0.464172   2.85286   -0.00352007   -0.00222413   -0.00397565   -0.25351   -0.676732   -0.273345   -0.634861   -0.0175599   -0.158387   0.0528608   
0.821236   0.957942   4.86792   -0.00385667   -0.00300617   -0.0164332   -0.247222   -0.679926   -0.265894   -0.637088   -0.0133732   -0.166574   0.0414247   
1.91879   1.29015   6.37065   -0.0050922   -0.00504337   -0.0288282   -0.237648   -0.678353   -0.255241   -0.646694   -0.0202002   -0.168275   0.0375269   
2.5856   2.75664   8.12743   -0.00545098   -0.00613163   -0.0407435   -0.226142   -0.682991   -0.236785   -0.652929   -0.0172292   -0.161019   0.0525626   
4.20976   3.37558   10.0399   -0.00988947   -0.00876402   -0.0515705   -0.198414   -0.676209   -0.23018   -0.671112   -0.0218333   -0.168339   0.0522213   
5.22014   4.64501   11.4136   -0.011782   -0.00853069   -0.0604799   -0.17572   -0.683979   -0.214729   -0.674675   -0.0248108   -0.170764   0.0526475   
6.64434   5.5423   12.7165   -0.0132726   -0.0108492   -0.0669841   -0.160329   -0.678643   -0.196176   -0.689386   -0.035694   -0.151758   0.0350632   
8.07292   6.3317   13.8018   -0.0168397   -0.011716   -0.0704086   -0.134926   -0.676152   -0.188553   -0.699329   -0.0398308   -0.155037   0.0343272   
9.48588   6.62705   15.0257   -0.0199766   -0.013025   -0.0727084   -0.104314   -0.671779   -0.175565   -0.712046   -0.0359001   -0.159532   0.0197105   
10.679   7.51336   15.4188   -0.0232149   -0.0140799   -0.0735981   -0.0657335   -0.666416   -0.159657   -0.725313   -0.0355657   -0.153221   0.00385582   
11.5021   7.71805   15.6611   -0.0237399   -0.0121454   -0.0711474   -0.0376292   -0.674256   -0.137119   -0.72468   -0.00783918   -0.153337   0.0135658   
11.8286   8.44596   15.2429   -0.0262388   -0.0132374   -0.0654641   -0.00747733   -0.664183   -0.128542   -0.736398   -0.0105218   -0.141352   0.0148111   
12.5409   8.51184   14.7878   -0.0275635   -0.0132856   -0.0579206   0.0190992   -0.658916   -0.118233   -0.742621   -0.0171254   -0.150491   -0.00326872   
13.0423   8.59597   13.0652   -0.0284083   -0.013793   -0.0491016   0.0460131   -0.648861   -0.108874   -0.751671   -0.0206902   -0.147872   -0.0013763   
13.1889   8.57392   12.1011   -0.0285794   -0.0140086   -0.0376865   0.0632744   -0.638153   -0.107007   -0.759807   -0.0415917   -0.144095   0.00220986   
12.9715   8.23153   10.5001   -0.0296183   -0.0146614   -0.0240925   0.0810678   -0.625385   -0.121002   -0.766603   -0.0445761   -0.137126   -0.0169237   
12.3058   7.66514   9.19981   -0.027647   -0.0128113   -0.0121196   0.0938597   -0.62491   -0.116996   -0.766152   -0.0313601   -0.154208   0.00199482   
11.3495   7.00258   7.47672   -0.0263066   -0.0140045   -0.00168716   0.109796   -0.610261   -0.120154   -0.7753   -0.0372044   -0.178968   0.0020013   
10.3619   6.26005   5.44073   -0.0259737   -0.0143261   0.0109059   0.121528   -0.597523   -0.141443   -0.779866   -0.0299389   -0.169538   0.0109308   
9.25599   5.18216   3.30062   -0.0247131   -0.0119382   0.0260214   0.114499   -0.600187   -0.17409   -0.772242   -0.0334753   -0.181971   0.00600336   
7.74558   4.40525   2.00344   -0.02301   -0.00969507   0.0359   0.11722   -0.602041   -0.194105   -0.765591   -0.0419526   -0.182378   0.011972   
6.61508   3.37062   0.331009   -0.0204042   -0.00826514   0.0414919   0.119916   -0.601405   -0.206997   -0.762289   -0.0438373   -0.179758   -0.00671679   
5.30553   2.51799   -0.858749   -0.0173284   -0.0068241   0.0455695   0.115577   -0.602204   -0.22161   -0.758209   -0.0379637   -0.183099   -0.0134416   
3.99772   1.51932   -1.31511   -0.0151185   -0.00552653   0.0481477   0.109671   -0.602362   -0.24219   -0.752646   -0.0303875   -0.178377   -0.0202818   
2.58019   1.082   -2.15667   -0.0125891   -0.0037067   0.0474175   0.104564   -0.606773   -0.255005   -0.745564   -0.0305061   -0.172459   -0.0191938   
1.60406   0.548315   -1.99481   -0.0103336   -0.00222679   0.046075   0.0918937   -0.611068   -0.274271   -0.736836   -0.028205   -0.17341   -0.009744   
0.867631   0.291628   -1.45231   -0.00747781   -0.0030486   0.0386492   0.0830903   -0.60732   -0.275913   -0.740358   -0.0342253   -0.169982   -0.0178141   
0.342374   0.332091   -1.15976   -0.00593658   -0.00338848   0.0305872   0.0769473   -0.605122   -0.281007   -0.740906   -0.0397027   -0.159735   -0.0013678   
0.150818   0.29766   -0.120887   -0.00636594   -0.0032522   0.0233021   0.0723867   -0.603235   -0.300318   -0.735307   -0.0207783   -0.154482   -0.00056994   
0.241826   0.15474   1.29336   -0.00731076   -0.00364722   0.0121339   0.0785977   -0.599873   -0.306065   -0.73505   -0.022993   -0.148357   -0.00285266   
0.725186   0.110269   2.87235   -0.00817547   -0.00503978   0.00340092   0.0707329   -0.593162   -0.321522   -0.734697   -0.028223   -0.137379   0.02255   
0.767496   0.554466   4.66779   -0.0108545   -0.00740929   -0.00904176   0.0828245   -0.579696   -0.326944   -0.741755   -0.0330311   -0.144284   0.0172235   
1.52907   1.81995   6.49926   -0.011127   -0.00764129   -0.0219968   0.093345   -0.58081   -0.313973   -0.745229   -0.0394811   -0.147072   0.0215943   
2.75102   2.74859   8.16755   -0.0115809   -0.0091352   -0.0346549   0.106999   -0.575163   -0.296178   -0.754995   -0.0193808   -0.145035   0.0441683   
4.00386   3.76821   9.98443   -0.0147299   -0.0100828   -0.0445846   0.127615   -0.568149   -0.291653   -0.758854   -0.0221869   -0.151662   0.0277445   
4.96651   4.37487   11.7087   -0.0164706   -0.0135774   -0.0532641   0.139516   -0.549517   -0.280651   -0.774468   -0.0344501   -0.14987   0.0213596   
6.54652   4.86175   13.1276   -0.0182464   -0.0144894   -0.0608051   0.163316   -0.541036   -0.260625   -0.782741   -0.0124772   -0.163681   0.0483781   
7.93079   5.63233   14.2754   -0.0190217   -0.0157908   -0.0654391   0.178142   -0.530037   -0.241269   -0.793168   -0.0060944   -0.170262   0.058894   
