 1  0 -29442.00      0.00     10.30      0.00                       IGRF2015   1
 1  1  -1501.00   4797.10     18.10    -26.60                       IGRF2015   2
 2  0  -2445.10      0.00     -8.70      0.00                       IGRF2015   3
 2  1   3012.90  -2845.60     -3.30    -27.40                       IGRF2015   4
 2  2   1676.70   -641.90      2.10    -14.10                       IGRF2015   5
 3  0   1350.70      0.00      3.40      0.00                       IGRF2015   6
 3  1  -2352.30   -115.30     -5.50      8.20                       IGRF2015   7
 3  2   1225.60    244.90     -0.70     -0.40                       IGRF2015   8
 3  3    582.00   -538.40    -10.10      1.80                       IGRF2015   9
 4  0    907.60      0.00     -0.70      0.00                       IGRF2015  10
 4  1    813.70    283.30      0.20     -1.30                       IGRF2015  11
 4  2    120.40   -188.70     -9.10      5.30                       IGRF2015  12
 4  3   -334.90    180.90      4.10      2.90                       IGRF2015  13
 4  4     70.40   -329.50     -4.30     -5.20                       IGRF2015  14
 5  0   -232.60      0.00     -0.20      0.00                       IGRF2015  15
 5  1    360.10     47.30      0.50      0.60                       IGRF2015  16
 5  2    192.40    197.00     -1.30      1.70                       IGRF2015  17
 5  3   -140.90   -119.30     -0.10     -1.20                       IGRF2015  18
 5  4   -157.50     16.00      1.40      3.40                       IGRF2015  19
 5  5      4.10    100.20      3.90      0.00                       IGRF2015  20
 6  0     70.00      0.00     -0.30      0.00                       IGRF2015  21
 6  1     67.70    -20.80     -0.10      0.00                       IGRF2015  22
 6  2     72.70     33.20     -0.70     -2.10                       IGRF2015  23
 6  3   -129.90     58.90      2.10     -0.70                       IGRF2015  24
 6  4    -28.90    -66.70     -1.20      0.20                       IGRF2015  25
 6  5     13.20      7.30      0.30      0.90                       IGRF2015  26
 6  6    -70.90     62.60      1.60      1.00                       IGRF2015  27
 7  0     81.60      0.00      0.30      0.00                       IGRF2015  28
 7  1    -76.10    -54.10     -0.20      0.80                       IGRF2015  29
 7  2     -6.80    -19.50     -0.50      0.40                       IGRF2015  30
 7  3     51.80      5.70      1.30     -0.20                       IGRF2015  31
 7  4     15.00     24.40      0.10     -0.30                       IGRF2015  32
 7  5      9.40      3.40     -0.60     -0.60                       IGRF2015  33
 7  6     -2.80    -27.40     -0.80      0.10                       IGRF2015  34
 7  7      6.80     -2.20      0.20     -0.20                       IGRF2015  35
 8  0     24.20      0.00      0.20      0.00                       IGRF2015  36
 8  1      8.80     10.10      0.00     -0.30                       IGRF2015  37
 8  2    -16.90    -18.30     -0.60      0.30                       IGRF2015  38
 8  3     -3.20     13.30      0.50      0.10                       IGRF2015  39
 8  4    -20.60    -14.60     -0.20      0.50                       IGRF2015  40
 8  5     13.40     16.20      0.40     -0.20                       IGRF2015  41
 8  6     11.70      5.70      0.10     -0.30                       IGRF2015  42
 8  7    -15.90     -9.10     -0.40      0.30                       IGRF2015  43
 8  8     -2.00      2.10      0.30      0.00                       IGRF2015  44
 9  0      5.40      0.00      0.00      0.00                       IGRF2015  45
 9  1      8.80    -21.60      0.00      0.00                       IGRF2015  46
 9  2      3.10     10.80      0.00      0.00                       IGRF2015  47
 9  3     -3.30     11.80      0.00      0.00                       IGRF2015  48
 9  4      0.70     -6.80      0.00      0.00                       IGRF2015  49
 9  5    -13.30     -6.90      0.00      0.00                       IGRF2015  50
 9  6     -0.10      7.80      0.00      0.00                       IGRF2015  51
 9  7      8.70      1.00      0.00      0.00                       IGRF2015  52
 9  8     -9.10     -4.00      0.00      0.00                       IGRF2015  53
 9  9    -10.50      8.40      0.00      0.00                       IGRF2015  54
10  0     -1.90      0.00      0.00      0.00                       IGRF2015  55
10  1     -6.30      3.20      0.00      0.00                       IGRF2015  56
10  2      0.10     -0.40      0.00      0.00                       IGRF2015  57
10  3      0.50      4.60      0.00      0.00                       IGRF2015  58
10  4     -0.50      4.40      0.00      0.00                       IGRF2015  59
10  5      1.80     -7.90      0.00      0.00                       IGRF2015  60
10  6     -0.70     -0.60      0.00      0.00                       IGRF2015  61
10  7      2.10     -4.20      0.00      0.00                       IGRF2015  62
10  8      2.40     -2.80      0.00      0.00                       IGRF2015  63
10  9     -1.80     -1.20      0.00      0.00                       IGRF2015  64
10 10     -3.60     -8.70      0.00      0.00                       IGRF2015  65
11  0      3.10      0.00      0.00      0.00                       IGRF2015  66
11  1     -1.50     -0.10      0.00      0.00                       IGRF2015  67
11  2     -2.30      2.00      0.00      0.00                       IGRF2015  68
11  3      2.00     -0.70      0.00      0.00                       IGRF2015  69
11  4     -0.80     -1.10      0.00      0.00                       IGRF2015  70
11  5      0.60      0.80      0.00      0.00                       IGRF2015  71
11  6     -0.70     -0.20      0.00      0.00                       IGRF2015  72
11  7      0.20     -2.20      0.00      0.00                       IGRF2015  73
11  8      1.70     -1.40      0.00      0.00                       IGRF2015  74
11  9     -0.20     -2.50      0.00      0.00                       IGRF2015  75
11 10      0.40     -2.00      0.00      0.00                       IGRF2015  76
11 11      3.50     -2.40      0.00      0.00                       IGRF2015  77
12  0     -1.90      0.00      0.00      0.00                       IGRF2015  78
12  1     -0.20     -1.10      0.00      0.00                       IGRF2015  79
12  2      0.40      0.40      0.00      0.00                       IGRF2015  80
12  3      1.20      1.90      0.00      0.00                       IGRF2015  81
12  4     -0.80     -2.20      0.00      0.00                       IGRF2015  82
12  5      0.90      0.30      0.00      0.00                       IGRF2015  83
12  6      0.10      0.70      0.00      0.00                       IGRF2015  84
12  7      0.50     -0.10      0.00      0.00                       IGRF2015  85
12  8     -0.30      0.30      0.00      0.00                       IGRF2015  86
12  9     -0.40      0.20      0.00      0.00                       IGRF2015  87
12 10      0.20     -0.90      0.00      0.00                       IGRF2015  88
12 11     -0.90     -0.10      0.00      0.00                       IGRF2015  89
12 12      0.00      0.70      0.00      0.00                       IGRF2015  90
13  0      0.00      0.00      0.00      0.00                       IGRF2015  91
13  1     -0.90     -0.90      0.00      0.00                       IGRF2015  92
13  2      0.40      0.40      0.00      0.00                       IGRF2015  93
13  3      0.50      1.60      0.00      0.00                       IGRF2015  94
13  4     -0.50     -0.50      0.00      0.00                       IGRF2015  95
13  5      1.00     -1.20      0.00      0.00                       IGRF2015  96
13  6     -0.20     -0.10      0.00      0.00                       IGRF2015  97
13  7      0.80      0.40      0.00      0.00                       IGRF2015  98
13  8     -0.10     -0.10      0.00      0.00                       IGRF2015  99
13  9      0.30      0.40      0.00      0.00                       IGRF2015 100
13 10      0.10      0.50      0.00      0.00                       IGRF2015 101
13 11      0.50     -0.30      0.00      0.00                       IGRF2015 102
13 12     -0.40     -0.40      0.00      0.00                       IGRF2015 103
13 13     -0.30     -0.80      0.00      0.00                       IGRF2015 104
